,n space,k space,Chi Square Statistic
0,"[1.5  1.51 1.52 1.53 1.54 1.55 1.56 1.57 1.58 1.59 1.6  1.61 1.62 1.63
 1.64 1.65 1.66 1.67 1.68 1.69]",[0. 0. 0. 0. 0. 0. 0. 0. 0. 0. 0. 0. 0. 0. 0. 0. 0. 0. 0. 0.],"[3116.97075217 2951.17072015 2749.91153323 2513.28799692 2240.38051687
 1934.72012375 1597.31610659 1235.13894552  850.80221991  528.67586148
  897.50648607 1362.51224099 1860.72404964 2380.03999059 2920.15322588
 3473.78269226 4037.12287597 4603.739801   5168.65010756 5729.30832667]"
1,"[1.5  1.51 1.52 1.53 1.54 1.55 1.56 1.57 1.58 1.59 1.6  1.61 1.62 1.63
 1.64 1.65 1.66 1.67 1.68 1.69]","[0.01 0.01 0.01 0.01 0.01 0.01 0.01 0.01 0.01 0.01 0.01 0.01 0.01 0.01
 0.01 0.01 0.01 0.01 0.01 0.01]","[2345.60881582 2191.63864226 2003.6222372  1781.26400256 1529.80507053
 1251.83993383  950.21607415  696.01756655  915.31132696 1259.63053012
 1643.62289791 2054.10011118 2484.51603048 2932.73780012 3395.97149296
 3873.99387031 4361.58880488 4855.88531898 5353.02876005 5850.95515261]"
2,"[1.5  1.51 1.52 1.53 1.54 1.55 1.56 1.57 1.58 1.59 1.6  1.61 1.62 1.63
 1.64 1.65 1.66 1.67 1.68 1.69]","[0.02 0.02 0.02 0.02 0.02 0.02 0.02 0.02 0.02 0.02 0.02 0.02 0.02 0.02
 0.02 0.02 0.02 0.02 0.02 0.02]","[1656.85279799 1523.27045146 1360.19822281 1168.13899289 1007.48320007
 1015.84050408 1184.10902574 1433.86159832 1725.6396816  2047.85196211
 2394.29709958 2761.33114558 3145.42640621 3543.03869493 3951.64491188
 4370.63795668 4793.93551468 5221.80395316 5650.8015558  6083.41044718]"
3,"[1.5  1.51 1.52 1.53 1.54 1.55 1.56 1.57 1.58 1.59 1.6  1.61 1.62 1.63
 1.64 1.65 1.66 1.67 1.68 1.69]","[0.03 0.03 0.03 0.03 0.03 0.03 0.03 0.03 0.03 0.03 0.03 0.03 0.03 0.03
 0.03 0.03 0.03 0.03 0.03 0.03]","[1448.07784997 1410.77341825 1413.05428843 1470.55506615 1584.90853689
 1753.82864694 1962.25911217 2204.14333717 2472.40723664 2764.62491892
 3078.62975637 3411.31691399 3759.76330181 4121.08228589 4492.25398447
 4869.98970674 5251.17660865 5632.75850246 6014.69991615 6395.28431359]"
4,"[1.5  1.51 1.52 1.53 1.54 1.55 1.56 1.57 1.58 1.59 1.6  1.61 1.62 1.63
 1.64 1.65 1.66 1.67 1.68 1.69]","[0.04 0.04 0.04 0.04 0.04 0.04 0.04 0.04 0.04 0.04 0.04 0.04 0.04 0.04
 0.04 0.04 0.04 0.04 0.04 0.04]","[1994.88374863 2017.79856923 2078.55895051 2178.29969211 2311.93280006
 2478.17651851 2672.05130191 2891.44427222 3134.75083824 3400.12517571
 3685.69097383 3988.61305074 4306.26158548 4635.97260734 4975.19960181
 5320.94485139 5670.44915913 6020.91225078 6369.71094727 6714.36832424]"
5,"[1.5  1.51 1.52 1.53 1.54 1.55 1.56 1.57 1.58 1.59 1.6  1.61 1.62 1.63
 1.64 1.65 1.66 1.67 1.68 1.69]","[0.05 0.05 0.05 0.05 0.05 0.05 0.05 0.05 0.05 0.05 0.05 0.05 0.05 0.05
 0.05 0.05 0.05 0.05 0.05 0.05]","[2649.61164619 2688.46131039 2756.45654907 2854.2283037  2978.92858217
 3129.54068267 3304.99094566 3503.86083314 3724.62658612 3965.6058594
 4224.84673291 4500.17911791 4789.36267642 5090.08872771 5399.93903352
 5716.25592923 6036.51761148 6358.24002685 6679.10044856 6996.89731337]"
6,"[1.5  1.51 1.52 1.53 1.54 1.55 1.56 1.57 1.58 1.59 1.6  1.61 1.62 1.63
 1.64 1.65 1.66 1.67 1.68 1.69]","[0.06 0.06 0.06 0.06 0.06 0.06 0.06 0.06 0.06 0.06 0.06 0.06 0.06 0.06
 0.06 0.06 0.06 0.06 0.06 0.06]","[3275.65338042 3313.43478621 3376.51663341 3464.53285769 3576.94341976
 3712.88084921 3871.42062843 4051.39701669 4251.5725854  4470.36235299
 4705.97801617 4956.51260592 5219.88406267 5493.99628063 5776.69447037
 6065.70975761 6358.92589553 6654.09928987 6948.98912642 7241.5959703 ]"
7,"[1.5  1.51 1.52 1.53 1.54 1.55 1.56 1.57 1.58 1.59 1.6  1.61 1.62 1.63
 1.64 1.65 1.66 1.67 1.68 1.69]","[0.07 0.07 0.07 0.07 0.07 0.07 0.07 0.07 0.07 0.07 0.07 0.07 0.07 0.07
 0.07 0.07 0.07 0.07 0.07 0.07]","[3846.62283766 3878.56643643 3933.88322141 4012.19349249 4112.89277505
 4235.32681704 4378.56037761 4541.54930185 4722.98821277 4921.50723772
 5135.51962859 5363.42170779 5603.32150898 5853.39629575 6111.57246604
 6375.86387522 6644.29011208 6914.85848279 7185.59568384 7454.60981911]"
8,"[1.5  1.51 1.52 1.53 1.54 1.55 1.56 1.57 1.58 1.59 1.6  1.61 1.62 1.63
 1.64 1.65 1.66 1.67 1.68 1.69]","[0.08 0.08 0.08 0.08 0.08 0.08 0.08 0.08 0.08 0.08 0.08 0.08 0.08 0.08
 0.08 0.08 0.08 0.08 0.08 0.08]","[4361.86509971 4388.0912477  4435.90314329 4505.00580227 4594.88711609
 4704.80865696 4833.87143593 4981.08136776 5145.34112683 5325.36671631
 5519.74583443 5726.96435647 5945.36322025 6173.25482627 6408.86915912
 6650.46665364 6896.14650031 7144.10066506 7392.60420032 7639.90043298]"
9,"[1.5  1.51 1.52 1.53 1.54 1.55 1.56 1.57 1.58 1.59 1.6  1.61 1.62 1.63
 1.64 1.65 1.66 1.67 1.68 1.69]","[0.09 0.09 0.09 0.09 0.09 0.09 0.09 0.09 0.09 0.09 0.09 0.09 0.09 0.09
 0.09 0.09 0.09 0.09 0.09 0.09]","[4827.75529043 4848.66665697 4889.56983067 4950.12025431 5029.80338926
 5128.01267236 5243.92693172 5376.68503015 5525.16934618 5688.21044341
 5864.53629441 6052.7651592  6251.46100962 6459.05503486 6674.02171512
 6894.6554985  7119.35709419 7346.47941479 7574.43138524 7801.61329093]"
10,"[1.5  1.51 1.52 1.53 1.54 1.55 1.56 1.57 1.58 1.59 1.6  1.61 1.62 1.63
 1.64 1.65 1.66 1.67 1.68 1.69]","[0.1 0.1 0.1 0.1 0.1 0.1 0.1 0.1 0.1 0.1 0.1 0.1 0.1 0.1 0.1 0.1 0.1 0.1
 0.1 0.1]","[5249.77848054 5265.73502531 5300.21682267 5352.8642524  5423.19733088
 5510.63510313 5614.47667108 5733.87884765 5867.87674169 6015.40326853
 6175.28765149 6346.24388917 6526.94008704 6715.98236378 6911.93024623
 7113.31286209 7318.6455137  7526.51139809 7735.44412605 7943.96165527]"
11,"[1.5  1.51 1.52 1.53 1.54 1.55 1.56 1.57 1.58 1.59 1.6  1.61 1.62 1.63
 1.64 1.65 1.66 1.67 1.68 1.69]","[0.11 0.11 0.11 0.11 0.11 0.11 0.11 0.11 0.11 0.11 0.11 0.11 0.11 0.11
 0.11 0.11 0.11 0.11 0.11 0.11]","[5633.02112557 5644.23629397 5672.69398811 5718.0025397  5779.73571307
 5857.30739558 5950.03597578 6057.16692456 6177.84530626 6311.06124564
 6455.80191788 6610.86653906 6775.08630982 6947.16578313 7125.78410728
 7309.6050518  7497.27842801 7687.45439469 7878.79741759 8069.99955907]"
12,"[1.5  1.51 1.52 1.53 1.54 1.55 1.56 1.57 1.58 1.59 1.6  1.61 1.62 1.63
 1.64 1.65 1.66 1.67 1.68 1.69]","[0.12 0.12 0.12 0.12 0.12 0.12 0.12 0.12 0.12 0.12 0.12 0.12 0.12 0.12
 0.12 0.12 0.12 0.12 0.12 0.12]","[5981.52486441 5988.46309936 6011.35535679 6049.87770476 6103.65998835
 6172.12237529 6254.64524896 6350.51392235 6458.93948098 6579.06856548
 6709.91374263 6850.39758162 6999.42781014 7155.88307289 7318.53279791
 7486.18375425 7657.60207007 7831.53520309 8006.76239416 8182.0853201 ]"
13,"[1.5  1.51 1.52 1.53 1.54 1.55 1.56 1.57 1.58 1.59 1.6  1.61 1.62 1.63
 1.64 1.65 1.66 1.67 1.68 1.69]","[0.13 0.13 0.13 0.13 0.13 0.13 0.13 0.13 0.13 0.13 0.13 0.13 0.13 0.13
 0.13 0.13 0.13 0.13 0.13 0.13]","[6299.06721571 6302.03453151 6319.81753432 6352.11106228 6398.52030174
 6458.59110505 6531.77902712 6617.36558676 6714.61133279 6822.70024039
 6940.7591039  7067.86711248 7202.99867506 7345.08662178 7493.05938602
 7645.80267886 7802.21448372 7961.14585359 8121.47156164 8282.10407978]"
14,"[1.5  1.51 1.52 1.53 1.54 1.55 1.56 1.57 1.58 1.59 1.6  1.61 1.62 1.63
 1.64 1.65 1.66 1.67 1.68 1.69]","[0.14 0.14 0.14 0.14 0.14 0.14 0.14 0.14 0.14 0.14 0.14 0.14 0.14 0.14
 0.14 0.14 0.14 0.14 0.14 0.14]","[6588.68195644 6588.05311776 6601.19264264 6627.81486961 6667.55242053
 6719.95682794 6784.50007728 6860.582679   6947.56364611 7044.65139323
 7151.03528545 7265.84812085 7388.21687148 7517.18003177 7651.70714008
 7790.78580319 7933.39038127 8078.49153863 8225.06564691 8372.1038553 ]"
15,"[1.5  1.51 1.52 1.53 1.54 1.55 1.56 1.57 1.58 1.59 1.6  1.61 1.62 1.63
 1.64 1.65 1.66 1.67 1.68 1.69]","[0.15 0.15 0.15 0.15 0.15 0.15 0.15 0.15 0.15 0.15 0.15 0.15 0.15 0.15
 0.15 0.15 0.15 0.15 0.15 0.15]","[6853.187578   6849.28357317 6858.18152641 6879.61512612 6913.24342409
 6958.65167663 7015.35297419 7082.79071691 7160.34196931 7247.32170098
 7343.02340404 7446.62354265 7557.27791843 7674.13223591 7796.29775297
 7922.82477635 8052.76339798 8185.17065413 8319.10748672 8453.64679277]"
16,"[1.5  1.51 1.52 1.53 1.54 1.55 1.56 1.57 1.58 1.59 1.6  1.61 1.62 1.63
 1.64 1.65 1.66 1.67 1.68 1.69]","[0.16 0.16 0.16 0.16 0.16 0.16 0.16 0.16 0.16 0.16 0.16 0.16 0.16 0.16
 0.16 0.16 0.16 0.16 0.16 0.16]","[7095.06188957 7088.18881606 7093.22515749 7109.92349423 7137.96811415
 7176.97599434 7226.49846682 7286.02361113 7354.97939744 7432.73758231
 7518.6183364  7611.89556014 7711.81259534 7817.58377037 7928.36667253
 8043.33524425 8161.61915531 8282.33239893 8404.61279114 8527.60781449]"
17,"[1.5  1.51 1.52 1.53 1.54 1.55 1.56 1.57 1.58 1.59 1.6  1.61 1.62 1.63
 1.64 1.65 1.66 1.67 1.68 1.69]","[0.17 0.17 0.17 0.17 0.17 0.17 0.17 0.17 0.17 0.17 0.17 0.17 0.17 0.17
 0.17 0.17 0.17 0.17 0.17 0.17]","[7316.4906012  7306.93783424 7308.46948024 7320.85634417 7343.80664425
 7376.96707927 7419.92449268 7472.20816518 7533.29275192 7602.60186298
 7679.51226761 7763.35868376 7853.4390964  7949.02053163 8049.34519925
 8153.64682263 8261.17611045 8371.11753322 8482.65011294 8594.98936613]"
18,"[1.5  1.51 1.52 1.53 1.54 1.55 1.56 1.57 1.58 1.59 1.6  1.61 1.62 1.63
 1.64 1.65 1.66 1.67 1.68 1.69]","[0.18 0.18 0.18 0.18 0.18 0.18 0.18 0.18 0.18 0.18 0.18 0.18 0.18 0.18
 0.18 0.18 0.18 0.18 0.18 0.18]","[7519.40781137 7507.4470638  7505.80758292 7514.27759422 7532.58788461
 7560.41291425 7597.37245192 7643.03375687 7696.91431746 7758.48514292
 7827.17458966 7902.3726881  7983.43592172 8069.69239624 8160.4473253
 8254.98874955 8352.59339917 8452.55923899 8554.15685972 8656.64687599]"
19,"[1.5  1.51 1.52 1.53 1.54 1.55 1.56 1.57 1.58 1.59 1.6  1.61 1.62 1.63
 1.64 1.65 1.66 1.67 1.68 1.69]","[0.19 0.19 0.19 0.19 0.19 0.19 0.19 0.19 0.19 0.19 0.19 0.19 0.19 0.19
 0.19 0.19 0.19 0.19 0.19 0.19]","[7705.52996593 7691.41498356 7686.91484696 7691.83431509 7705.92536654
 7728.88832549 7760.37344918 7799.98299305 7847.27375953 7901.76012507
 7962.91752754 8030.18638431 8102.97639873 8180.67120235 8262.63327014
 8348.20903862 8436.73415081 8527.53874916 8619.97402138 8713.37563401]"
