,Theta,Input Phase Function
0,0.0,334.652637209003
1,0.5,333.70960735073623
2,1.0,334.19595976698196
3,1.5,333.7596606570319
4,2.0,332.05952854273215
5,2.5,331.3329991195511
6,3.0,329.6890528363935
7,3.5,326.5778197780063
8,4.0,324.5721478176371
9,4.5,321.0644319684097
10,5.0,319.518470960155
11,5.5,317.2557995916444
12,6.0,312.14904607211497
13,6.5,310.5572006016754
14,7.0,302.48351944531413
15,7.5,301.2219166276408
16,8.0,295.711824922246
17,8.5,293.47432085400345
18,9.0,285.7233043575769
19,9.5,281.4055543262658
20,10.0,276.50748997561095
21,10.5,268.52311751430045
22,11.0,265.01204412289695
23,11.5,259.588198005016
24,12.0,256.8862664117768
25,12.5,247.46296995038293
26,13.0,240.60318311862457
27,13.5,233.65484295696095
28,14.0,229.248010443339
29,14.5,224.27610840812756
30,15.0,215.4303998815655
31,15.5,208.17996535819947
32,16.0,204.99997112683053
33,16.5,199.59658360451564
34,17.0,192.03259862565216
35,17.5,182.51969463028118
36,18.0,177.29943675860665
37,18.5,172.520709891557
38,19.0,165.20041934563443
39,19.5,157.937665497279
40,20.0,156.59659397753776
41,20.5,147.22132234733633
42,21.0,139.19647300976655
43,21.5,135.7588722048971
44,22.0,128.06574039101199
45,22.5,120.27940087645828
46,23.0,115.77937116451189
47,23.5,109.54035587847218
48,24.0,106.86724624799152
49,24.5,99.17606273530834
50,25.0,96.02452558567104
51,25.5,90.64874333965038
52,26.0,84.04525805471158
53,26.5,83.55948313639621
54,27.0,76.98059079046851
55,27.5,70.29583320105611
56,28.0,64.88359310623159
57,28.5,62.148755943660355
58,29.0,59.32365371874557
59,29.5,54.5374144258503
60,30.0,50.52131669417922
61,30.5,48.58035268099376
62,31.0,45.84295581337241
63,31.5,39.89736723882057
64,32.0,42.16512415603166
65,32.5,33.88021169614024
66,33.0,35.804421299355006
67,33.5,29.947734769352788
68,34.0,33.65163358010063
69,34.5,30.541314141857697
70,35.0,26.970067732634885
71,35.5,26.14293554762593
72,36.0,23.92635306577148
73,36.5,24.628397632678436
74,37.0,18.176011296540707
75,37.5,19.320550843611187
76,38.0,20.079839155823258
77,38.5,19.047549685740577
78,39.0,17.431049236015333
79,39.5,16.04657636783426
80,40.0,14.458010545880636
81,40.5,14.325867819789279
82,41.0,14.108981755554836
83,41.5,16.49825979132868
84,42.0,13.34833768859005
85,42.5,13.367582707105388
86,43.0,10.113151815902167
87,43.5,12.848345059829208
88,44.0,13.533741462261638
89,44.5,13.297699155696973
90,45.0,12.642718434008797
91,45.5,12.622191220626535
92,46.0,10.770046955219035
93,46.5,17.144666557148938
94,47.0,12.930802222236128
95,47.5,11.203866828757395
96,48.0,15.795113812738816
97,48.5,12.074240478080998
98,49.0,13.89677615253244
99,49.5,11.506504831145111
100,50.0,12.881928922370854
101,50.5,16.53790404994957
102,51.0,16.388187240692236
103,51.5,15.36504223836038
104,52.0,15.710265692250857
105,52.5,13.509266539865767
106,53.0,15.737959090924237
107,53.5,14.29437880092884
108,54.0,16.241026277749047
109,54.5,16.46282508240523
110,55.0,16.718881277990974
111,55.5,15.204999515190158
112,56.0,16.971471580454722
113,56.5,15.870247749917844
114,57.0,17.96885302326971
115,57.5,15.326346268586965
116,58.0,15.15336124349785
117,58.5,17.461293402389728
118,59.0,15.736519460368473
119,59.5,17.77385643441647
120,60.0,13.181477807549344
121,60.5,15.914917157864634
122,61.0,15.918876128712958
123,61.5,15.32702259649545
124,62.0,13.531760546680982
125,62.5,19.180921276666226
126,63.0,12.105809432531512
127,63.5,14.893005438857845
128,64.0,14.643237357018606
129,64.5,13.766914730576909
130,65.0,10.981804234876654
131,65.5,15.225640769203288
132,66.0,9.386281433739953
133,66.5,14.602480268557985
134,67.0,12.397587682949172
135,67.5,13.636053639495987
136,68.0,11.391752042689934
137,68.5,9.13879381400594
138,69.0,11.37824643465133
139,69.5,9.677943650872317
140,70.0,6.074459904795565
141,70.5,8.550659456528459
142,71.0,8.831971938176096
143,71.5,8.313666120576467
144,72.0,7.654129518642081
145,72.5,7.642669501626126
146,73.0,9.477132480216945
147,73.5,9.019739570162285
148,74.0,6.060090799209539
149,74.5,7.743670268228577
150,75.0,3.869950027195234
151,75.5,2.8302711190520724
152,76.0,8.221597342702168
153,76.5,6.199496747064139
154,77.0,3.384976069797426
155,77.5,7.000630235526634
156,78.0,5.823051127772789
157,78.5,6.421353260132983
158,79.0,7.004714064771385
159,79.5,3.731933453646915
160,80.0,1.4082562705587063
161,80.5,2.7082554128754683
162,81.0,2.8031511042231605
163,81.5,4.613090713295139
164,82.0,2.6773983257577143
165,82.5,1.3211652463790635
166,83.0,6.651323071236358
167,83.5,2.964586125039044
168,84.0,8.676462951215262
169,84.5,2.0026040721923257
170,85.0,2.2721679996268715
171,85.5,0.1139396325686719
172,86.0,6.248203502024768
173,86.5,8.189572383622759
174,87.0,6.50499803493674
175,87.5,4.231136670174629
176,88.0,6.148062863643761
177,88.5,4.235799450169565
178,89.0,3.2928920951011613
179,89.5,2.0337374177357326
180,90.0,6.074558178557055
181,90.5,3.838448519404395
182,91.0,3.821334443804396
183,91.5,5.646937425325154
184,92.0,7.835519242181121
185,92.5,4.698185745005141
186,93.0,1.6590978264732872
187,93.5,2.288715863745864
188,94.0,2.8573339760885945
189,94.5,4.067786058768807
190,95.0,5.3349024823202065
191,95.5,6.0401908556088
192,96.0,2.646414089243261
193,96.5,3.035062118459508
194,97.0,5.830355406795612
195,97.5,4.7937406429520895
196,98.0,2.617058435250327
197,98.5,4.285082535571735
198,99.0,4.538314946287602
199,99.5,5.42566854973048
200,100.0,7.288044650787329
201,100.5,3.2646993151374604
202,101.0,2.7035653897983334
203,101.5,3.410124697173333
204,102.0,4.999509841625716
205,102.5,6.349337765407837
206,103.0,7.621939965290231
207,103.5,-0.0833465722153619
208,104.0,6.744579157757081
209,104.5,4.314311919598033
210,105.0,4.868248505809075
211,105.5,2.318915179162334
212,106.0,5.568267525938066
213,106.5,1.6834302297189683
214,107.0,4.55260473476048
215,107.5,4.391578458133894
216,108.0,0.8198403863615593
217,108.5,2.913602666908695
218,109.0,1.0266443027203092
219,109.5,1.0630479701043913
220,110.0,2.479286901397252
221,110.5,0.09838025704869535
222,111.0,3.0572614313215647
223,111.5,1.606366774538395
224,112.0,2.458649869576355
225,112.5,1.098710430373232
226,113.0,1.118530207816024
227,113.5,5.3892944708625885
228,114.0,1.108005945836274
229,114.5,-0.7543622822874523
230,115.0,3.061418913357966
231,115.5,2.587847577730008
232,116.0,1.9547310452334543
233,116.5,2.903589999995856
234,117.0,-0.40934780322308684
235,117.5,-0.2058238134426662
236,118.0,2.2280574016501977
237,118.5,-1.6371535485255357
238,119.0,1.808083760661435
239,119.5,1.3395109591566208
240,120.0,1.0651065317428057
241,120.5,1.9892919248542387
242,121.0,0.5610129712880993
243,121.5,3.5622604144261345
244,122.0,-0.19663176176886243
245,122.5,0.5824289729264143
246,123.0,-0.615730040067699
247,123.5,2.486668176511488
248,124.0,5.444138983392923
249,124.5,4.806598787454957
250,125.0,2.0578324218288877
251,125.5,5.282150223608173
252,126.0,3.645712040132591
253,126.5,1.8981740764936257
254,127.0,0.06376010394769471
255,127.5,-0.8706984482416256
256,128.0,2.504266262683329
257,128.5,3.1733959026782497
258,129.0,2.0577633058544746
259,129.5,4.056228623098495
260,130.0,1.2008739855864294
261,130.5,2.8046379726418627
262,131.0,1.5667409815470368
263,131.5,4.905048544787883
264,132.0,3.7957132138093828
265,132.5,8.990331531467586
266,133.0,2.1558387231430967
267,133.5,3.731928465746427
268,134.0,5.713252494658644
269,134.5,6.2631830079986806
270,135.0,4.983083535323626
271,135.5,3.8463482815323253
272,136.0,4.837939669587127
273,136.5,3.9919424923158453
274,137.0,6.387573462998113
275,137.5,8.040866235483138
276,138.0,7.821326784790017
277,138.5,8.059215129334056
278,139.0,8.232787991033168
279,139.5,6.2977270956225535
280,140.0,4.554477705042655
281,140.5,4.996952715171597
282,141.0,7.014650122701736
283,141.5,11.763427616758806
284,142.0,4.538908843461618
285,142.5,7.162934086863371
286,143.0,7.0621809035525756
287,143.5,4.346737808984021
288,144.0,5.657973910630771
289,144.5,10.197178933431747
290,145.0,3.810244931594285
291,145.5,10.082562964541331
292,146.0,4.441145138021604
293,146.5,7.141509691309567
294,147.0,4.062694119211853
295,147.5,4.167641242094545
296,148.0,6.751344534235953
297,148.5,6.728352396936685
298,149.0,4.183300904541018
299,149.5,8.295628479910501
300,150.0,5.06525671289569
301,150.5,8.852622022488912
302,151.0,8.785481710031533
303,151.5,6.147032275103001
304,152.0,2.9912660285706876
305,152.5,6.118408056137932
306,153.0,5.27179146505791
307,153.5,2.61931740942675
308,154.0,4.690636536277368
309,154.5,5.073468330890027
310,155.0,3.9091213127009263
311,155.5,7.912755211372179
312,156.0,9.323737228135833
313,156.5,3.9875031486834365
314,157.0,5.872366537276531
315,157.5,5.492066176835181
316,158.0,7.364857890030574
317,158.5,6.5362877222750875
318,159.0,6.905406479670481
319,159.5,4.798984391286393
320,160.0,9.321428042267755
321,160.5,5.6618534202163
322,161.0,8.087282106050429
323,161.5,9.451070940096118
324,162.0,8.082421128222403
325,162.5,6.0636120618665394
326,163.0,8.228865155392295
327,163.5,5.8330671109900765
328,164.0,7.000006654748222
329,164.5,6.537819793511343
330,165.0,8.801173340544317
331,165.5,10.420027841634003
332,166.0,6.298600226591821
333,166.5,10.421961323887382
334,167.0,7.845504443652749
335,167.5,10.025848472009175
336,168.0,10.548193315294121
337,168.5,10.846367027752699
338,169.0,8.467286521305464
339,169.5,9.889242359595116
340,170.0,11.568978417332751
341,170.5,10.47063997907358
342,171.0,7.226119454679026
343,171.5,10.7673112534995
344,172.0,10.231677783577531
345,172.5,9.754518895530724
346,173.0,9.224144623712105
347,173.5,12.591781285803435
348,174.0,7.719533518870182
349,174.5,7.967781448009358
350,175.0,10.56611132887278
351,175.5,11.363860226432216
352,176.0,11.449442754494424
353,176.5,8.791833955729562
354,177.0,16.131377297960945
355,177.5,12.176841113303672
356,178.0,14.365741779303669
357,178.5,13.57042347360235
358,179.0,9.062038265751665
359,179.5,10.499102413519372
360,180.0,10.353725445566386
