,n space,k space,Chi Square Statistic
0,"[1.5  1.51 1.52 1.53 1.54 1.55 1.56 1.57 1.58 1.59 1.6  1.61 1.62 1.63
 1.64 1.65 1.66 1.67 1.68 1.69]",[0. 0. 0. 0. 0. 0. 0. 0. 0. 0. 0. 0. 0. 0. 0. 0. 0. 0. 0. 0.],"[3313.47786324 3210.99829039 3104.13449278 2992.02566536 2881.02793255
 2772.35846312 2678.7123458  2621.82995219 2607.14348782 2631.38449765
 2704.93409267 2857.30934706 3039.83078424 3279.02616431 3580.06719023
 3945.48021305 4348.59555208 4772.83382152 5216.39827076 5689.28255416]"
1,"[1.5  1.51 1.52 1.53 1.54 1.55 1.56 1.57 1.58 1.59 1.6  1.61 1.62 1.63
 1.64 1.65 1.66 1.67 1.68 1.69]","[0.01 0.01 0.01 0.01 0.01 0.01 0.01 0.01 0.01 0.01 0.01 0.01 0.01 0.01
 0.01 0.01 0.01 0.01 0.01 0.01]","[3148.84976137 3061.74342192 2974.54703428 2894.36106256 2824.13272045
 2781.1852972  2758.25247005 2753.76980751 2775.04033788 2863.35494822
 2974.50834171 3104.26426006 3298.10297066 3537.96508712 3835.0816822
 4174.69591232 4537.23089056 4924.89679626 5339.63263956 5768.35101214]"
2,"[1.5  1.51 1.52 1.53 1.54 1.55 1.56 1.57 1.58 1.59 1.6  1.61 1.62 1.63
 1.64 1.65 1.66 1.67 1.68 1.69]","[0.02 0.02 0.02 0.02 0.02 0.02 0.02 0.02 0.02 0.02 0.02 0.02 0.02 0.02
 0.02 0.02 0.02 0.02 0.02 0.02]","[3125.51945871 3075.12728191 3038.75451909 3011.15920354 2987.29305673
 2975.30212191 2994.75287893 3047.77125671 3122.48792088 3216.37806778
 3336.7132341  3513.10386288 3717.30632781 3969.88823094 4256.4020648
 4554.25775872 4873.16950691 5214.50561726 5580.05881113 5953.63647442]"
3,"[1.5  1.51 1.52 1.53 1.54 1.55 1.56 1.57 1.58 1.59 1.6  1.61 1.62 1.63
 1.64 1.65 1.66 1.67 1.68 1.69]","[0.03 0.03 0.03 0.03 0.03 0.03 0.03 0.03 0.03 0.03 0.03 0.03 0.03 0.03
 0.03 0.03 0.03 0.03 0.03 0.03]","[3284.54295864 3262.46964285 3250.46851718 3249.02053659 3259.37216293
 3290.4759349  3337.72683224 3400.22076162 3480.38995301 3606.55501787
 3755.26000886 3937.91824923 4161.68088817 4413.59523379 4678.02133738
 4964.61990029 5263.89071481 5581.80648584 5908.38540842 6231.37792887]"
4,"[1.5  1.51 1.52 1.53 1.54 1.55 1.56 1.57 1.58 1.59 1.6  1.61 1.62 1.63
 1.64 1.65 1.66 1.67 1.68 1.69]","[0.04 0.04 0.04 0.04 0.04 0.04 0.04 0.04 0.04 0.04 0.04 0.04 0.04 0.04
 0.04 0.04 0.04 0.04 0.04 0.04]","[3545.64231941 3535.63770323 3536.98890623 3549.23157358 3574.38484686
 3612.90150185 3670.00565464 3764.78675025 3875.15257969 4002.81950674
 4171.51889049 4369.93389615 4590.74888633 4822.68239216 5076.95047566
 5342.17904819 5624.25598784 5922.85684811 6222.6688084  6519.44449636]"
5,"[1.5  1.51 1.52 1.53 1.54 1.55 1.56 1.57 1.58 1.59 1.6  1.61 1.62 1.63
 1.64 1.65 1.66 1.67 1.68 1.69]","[0.05 0.05 0.05 0.05 0.05 0.05 0.05 0.05 0.05 0.05 0.05 0.05 0.05 0.05
 0.05 0.05 0.05 0.05 0.05 0.05]","[3818.89431068 3813.81773088 3823.52633119 3849.90513661 3898.71050926
 3962.92406569 4039.94492631 4130.07160053 4250.63705837 4405.28191918
 4577.23529379 4769.4804569  4975.31050047 5200.43216168 5435.9710913
 5688.40487522 5955.40125795 6229.06266653 6502.70739572 6774.9298544 ]"
6,"[1.5  1.51 1.52 1.53 1.54 1.55 1.56 1.57 1.58 1.59 1.6  1.61 1.62 1.63
 1.64 1.65 1.66 1.67 1.68 1.69]","[0.06 0.06 0.06 0.06 0.06 0.06 0.06 0.06 0.06 0.06 0.06 0.06 0.06 0.06
 0.06 0.06 0.06 0.06 0.06 0.06]","[4137.18376146 4143.87326748 4163.52546368 4196.53070325 4242.14494855
 4301.9078938  4387.15683213 4502.5405115  4634.36393601 4782.1054738
 4947.10799735 5129.80267067 5327.19231642 5535.94266013 5761.18576976
 5998.20248665 6247.41995874 6498.33513982 6749.11957737 7001.88274539]"
7,"[1.5  1.51 1.52 1.53 1.54 1.55 1.56 1.57 1.58 1.59 1.6  1.61 1.62 1.63
 1.64 1.65 1.66 1.67 1.68 1.69]","[0.07 0.07 0.07 0.07 0.07 0.07 0.07 0.07 0.07 0.07 0.07 0.07 0.07 0.07
 0.07 0.07 0.07 0.07 0.07 0.07]","[4461.6125834  4469.14574254 4491.8093403  4529.1897236  4583.77498077
 4659.5957085  4753.04844513 4860.0171302  4985.62416856 5127.80842639
 5287.07023677 5457.81475494 5642.13655333 5841.32729785 6049.61422307
 6274.36485375 6502.66441072 6732.83639958 6963.27125081 7198.9029301 ]"
8,"[1.5  1.51 1.52 1.53 1.54 1.55 1.56 1.57 1.58 1.59 1.6  1.61 1.62 1.63
 1.64 1.65 1.66 1.67 1.68 1.69]","[0.08 0.08 0.08 0.08 0.08 0.08 0.08 0.08 0.08 0.08 0.08 0.08 0.08 0.08
 0.08 0.08 0.08 0.08 0.08 0.08]","[4801.59893813 4808.13725921 4831.32900923 4872.42280548 4929.38959449
 5000.02061828 5087.39484184 5193.82418313 5315.38055531 5449.15607992
 5594.7447118  5757.23108268 5931.26483278 6113.50335486 6313.10062106
 6518.55946603 6727.55562154 6938.54509407 7150.63421893 7369.50899544]"
9,"[1.5  1.51 1.52 1.53 1.54 1.55 1.56 1.57 1.58 1.59 1.6  1.61 1.62 1.63
 1.64 1.65 1.66 1.67 1.68 1.69]","[0.09 0.09 0.09 0.09 0.09 0.09 0.09 0.09 0.09 0.09 0.09 0.09 0.09 0.09
 0.09 0.09 0.09 0.09 0.09 0.09]","[5122.30858358 5131.73803883 5156.9637236  5198.2048474  5254.42660811
 5324.78380144 5410.04983023 5508.03801003 5617.97174247 5742.66212599
 5882.73163147 6032.45765632 6190.72298276 6365.90686862 6548.73791956
 6736.47192872 6927.719064   7121.09220415 7317.71372223 7519.44680109]"
10,"[1.5  1.51 1.52 1.53 1.54 1.55 1.56 1.57 1.58 1.59 1.6  1.61 1.62 1.63
 1.64 1.65 1.66 1.67 1.68 1.69]","[0.1 0.1 0.1 0.1 0.1 0.1 0.1 0.1 0.1 0.1 0.1 0.1 0.1 0.1 0.1 0.1 0.1 0.1
 0.1 0.1]","[5442.92409725 5451.83971677 5474.62109393 5511.01319137 5561.8452153
 5625.9738158  5702.49599797 5794.71246229 5900.0812579  6017.13912263
 6144.17604614 6280.24435839 6432.75192505 6593.61057974 6760.41424999
 6931.9464625  7106.90282693 7284.02210705 7466.71931868 7651.97602989]"
11,"[1.5  1.51 1.52 1.53 1.54 1.55 1.56 1.57 1.58 1.59 1.6  1.61 1.62 1.63
 1.64 1.65 1.66 1.67 1.68 1.69]","[0.11 0.11 0.11 0.11 0.11 0.11 0.11 0.11 0.11 0.11 0.11 0.11 0.11 0.11
 0.11 0.11 0.11 0.11 0.11 0.11]","[5740.61548254 5746.25081693 5766.32311994 5800.23416875 5847.25081116
 5906.93650289 5978.76814773 6063.04545385 6158.74626156 6264.56839815
 6381.38222813 6511.83132718 6651.56530431 6798.04615956 6950.14864347
 7106.7266418  7266.63274588 7429.44327553 7598.40253125 7768.42062026]"
12,"[1.5  1.51 1.52 1.53 1.54 1.55 1.56 1.57 1.58 1.59 1.6  1.61 1.62 1.63
 1.64 1.65 1.66 1.67 1.68 1.69]","[0.12 0.12 0.12 0.12 0.12 0.12 0.12 0.12 0.12 0.12 0.12 0.12 0.12 0.12
 0.12 0.12 0.12 0.12 0.12 0.12]","[6023.57778842 6027.07328238 6043.30497084 6072.07497638 6113.00528584
 6165.68288984 6230.7042021  6306.67872221 6392.76761695 6492.3923294
 6602.36635134 6722.02015259 6848.96198589 6982.21639754 7120.77441405
 7263.63711457 7409.73145305 7560.27415608 7715.52893984 7871.42606175]"
13,"[1.5  1.51 1.52 1.53 1.54 1.55 1.56 1.57 1.58 1.59 1.6  1.61 1.62 1.63
 1.64 1.65 1.66 1.67 1.68 1.69]","[0.13 0.13 0.13 0.13 0.13 0.13 0.13 0.13 0.13 0.13 0.13 0.13 0.13 0.13
 0.13 0.13 0.13 0.13 0.13 0.13]","[6282.4372094  6283.00575643 6295.40202898 6319.39084066 6354.86646965
 6402.18166895 6460.80635785 6531.63244986 6612.23999953 6703.31270608
 6803.99579582 6912.36213719 7027.55455052 7148.68572928 7274.84719092
 7405.09030031 7538.46070693 7677.69517173 7820.32657142 7963.26340926]"
14,"[1.5  1.51 1.52 1.53 1.54 1.55 1.56 1.57 1.58 1.59 1.6  1.61 1.62 1.63
 1.64 1.65 1.66 1.67 1.68 1.69]","[0.14 0.14 0.14 0.14 0.14 0.14 0.14 0.14 0.14 0.14 0.14 0.14 0.14 0.14
 0.14 0.14 0.14 0.14 0.14 0.14]","[6518.72701155 6516.80058003 6526.311094   6547.69310056 6580.31042084
 6623.52821651 6676.90986151 6739.95463764 6813.74519624 6896.64526046
 6987.46287305 7085.46300983 7189.86859448 7299.86734005 7414.61911481
 7533.26369318 7656.38376948 7783.96473743 7914.51967504 8045.4418523 ]"
15,"[1.5  1.51 1.52 1.53 1.54 1.55 1.56 1.57 1.58 1.59 1.6  1.61 1.62 1.63
 1.64 1.65 1.66 1.67 1.68 1.69]","[0.15 0.15 0.15 0.15 0.15 0.15 0.15 0.15 0.15 0.15 0.15 0.15 0.15 0.15
 0.15 0.15 0.15 0.15 0.15 0.15]","[6741.80668449 6737.68763849 6744.60957824 6762.01279447 6789.61560123
 6827.07504757 6874.33653966 6932.08446661 6998.43567454 7072.80938955
 7154.57640481 7243.0639724  7337.56132185 7437.3257235  7541.58899638
 7649.5643454  7763.32876843 7880.17022195 7999.51302994 8119.31090081]"
16,"[1.5  1.51 1.52 1.53 1.54 1.55 1.56 1.57 1.58 1.59 1.6  1.61 1.62 1.63
 1.64 1.65 1.66 1.67 1.68 1.69]","[0.16 0.16 0.16 0.16 0.16 0.16 0.16 0.16 0.16 0.16 0.16 0.16 0.16 0.16
 0.16 0.16 0.16 0.16 0.16 0.16]","[6946.72827636 6940.54934508 6944.32464297 6957.84977785 6980.86368719
 7014.460234   7057.0010615  7108.04702385 7167.11276286 7233.66526387
 7307.12767864 7386.88372993 7472.28264642 7562.64455956 7657.26627863
 7756.70757095 7860.56819368 7967.48422612 8076.49030354 8186.04918526]"
17,"[1.5  1.51 1.52 1.53 1.54 1.55 1.56 1.57 1.58 1.59 1.6  1.61 1.62 1.63
 1.64 1.65 1.66 1.67 1.68 1.69]","[0.17 0.17 0.17 0.17 0.17 0.17 0.17 0.17 0.17 0.17 0.17 0.17 0.17 0.17
 0.17 0.17 0.17 0.17 0.17 0.17]","[7134.48854751 7126.13944685 7127.55347504 7138.54585933 7158.51784225
 7187.1687916  7224.14752881 7269.0542166  7321.44278123 7380.82387151
 7446.66834126 7518.41122683 7595.45617575 7677.18026875 7763.03417438
 7854.78213525 7949.26925692 8047.01577324 8146.48995489 8246.59780475]"
18,"[1.5  1.51 1.52 1.53 1.54 1.55 1.56 1.57 1.58 1.59 1.6  1.61 1.62 1.63
 1.64 1.65 1.66 1.67 1.68 1.69]","[0.18 0.18 0.18 0.18 0.18 0.18 0.18 0.18 0.18 0.18 0.18 0.18 0.18 0.18
 0.18 0.18 0.18 0.18 0.18 0.18]","[7308.18048089 7298.49116404 7297.57645102 7305.2551467  7321.29757365
 7345.42649433 7377.31846383 7416.60563416 7462.87802103 7515.68623228
 7574.54464532 7638.93500808 7708.31042561 7782.09968336 7861.34251838
 7944.56515073 8030.42376656 8119.70201728 8210.38695417 8301.77193536]"
19,"[1.5  1.51 1.52 1.53 1.54 1.55 1.56 1.57 1.58 1.59 1.6  1.61 1.62 1.63
 1.64 1.65 1.66 1.67 1.68 1.69]","[0.19 0.19 0.19 0.19 0.19 0.19 0.19 0.19 0.19 0.19 0.19 0.19 0.19 0.19
 0.19 0.19 0.19 0.19 0.19 0.19]","[7468.33068853 7456.82168713 7453.48591705 7458.15618083 7470.62070551
 7490.62408106 7517.8685792  7552.01586755 7592.68912588 7639.47556196
 7691.92931445 7749.57471997 7811.90991172 7879.31568287 7951.58096839
 8026.96188963 8105.10125654 8186.33802562 8268.9189008  8352.25372833]"
