,Theta,Input Phase Function
0,10.0,252.93092491712474
1,10.5,295.30956974005665
2,11.0,299.3794732629209
3,11.5,262.86735036863524
4,12.0,251.28818486043866
5,12.5,252.3932171965354
6,13.0,247.3076251297139
7,13.5,240.99693692743915
8,14.0,216.19925158541238
9,14.5,207.05109548026658
10,15.0,208.08406016260608
11,15.5,207.33921311743646
12,16.0,217.9977463230418
13,16.5,208.18717756359192
14,17.0,176.58263250156918
15,17.5,173.6710219824705
16,18.0,167.1028165476563
17,18.5,176.14944157009168
18,19.0,166.8899303171121
19,19.5,158.31254351720503
20,20.0,152.04739267767772
21,20.5,130.91638073032283
22,21.0,136.08243552935528
23,21.5,133.07382058414913
24,22.0,124.37105512602943
25,22.5,128.18701283838666
26,23.0,116.18011403263607
27,23.5,113.14368718204689
28,24.0,104.47613323881309
29,24.5,101.24179965010617
30,25.0,96.46563103629597
31,25.5,83.35226427519451
32,26.0,84.18862484389741
33,26.5,79.07321677543028
34,27.0,71.77161245606392
35,27.5,68.70709873350499
36,28.0,70.56563095353134
37,28.5,63.30696510362109
38,29.0,59.86223107171197
39,29.5,50.505783906071144
40,30.0,55.39558774724445
41,30.5,48.260152840269335
42,31.0,42.56371599933676
43,31.5,44.63220875905228
44,32.0,38.60434116945189
45,32.5,37.546707419629335
46,33.0,36.22486622730278
47,33.5,32.799200164518204
48,34.0,28.845184439073964
49,34.5,28.836157566957006
50,35.0,27.31285493029222
51,35.5,25.584686013379784
52,36.0,25.56043693889028
53,36.5,21.2644371133564
54,37.0,18.7541088170344
55,37.5,18.679578241849207
56,38.0,18.455379395383126
57,38.5,16.793047332184482
58,39.0,15.599450117744498
59,39.5,14.934765392109766
60,40.0,15.033329183409693
61,40.5,14.17539834013924
62,41.0,14.631478085713582
63,41.5,13.460891101347405
64,42.0,13.695397478682862
65,42.5,12.57806541909512
66,43.0,12.639357388887868
67,43.5,12.256039313481839
68,44.0,12.814228864140075
69,44.5,11.970855263629458
70,45.0,12.620446265567152
71,45.5,12.765393024154921
72,46.0,12.957073977117778
73,46.5,13.036058825579378
74,47.0,12.884702310157765
75,47.5,12.639602297186466
76,48.0,13.328822283480799
77,48.5,13.894307958953544
78,49.0,12.83655584483118
79,49.5,14.55363716016782
80,50.0,13.510024696426061
81,50.5,13.127679859791199
82,51.0,13.936426057381418
83,51.5,15.557063225507505
84,52.0,15.186181690195339
85,52.5,13.94673809524142
86,53.0,16.121483606047065
87,53.5,15.369139036924564
88,54.0,15.198275380779979
89,54.5,15.960760473390026
90,55.0,16.974726950854457
91,55.5,14.770594151757619
92,56.0,14.831851856427864
93,56.5,17.219526609456953
94,57.0,16.478530521756255
95,57.5,15.2835988692163
96,58.0,15.1915648963524
97,58.5,16.739695503793655
98,59.0,15.758001115023347
99,59.5,13.736623583114602
100,60.0,16.16610530497304
101,60.5,15.154014705047466
102,61.0,14.035831240353259
103,61.5,15.128793908508944
104,62.0,15.608524598669131
105,62.5,14.405756119417795
106,63.0,14.117139250550435
107,63.5,15.31384786732518
108,64.0,12.695053130582346
109,64.5,12.654686114125568
110,65.0,12.097068963869715
111,65.5,13.074122763483619
112,66.0,12.409026533261665
113,66.5,13.206958278581745
114,67.0,12.290496335427315
115,67.5,12.407125514212606
116,68.0,11.536426612650956
117,68.5,10.515995606716698
118,69.0,10.252583558933381
119,69.5,10.622662736266618
120,70.0,10.344815322799205
121,70.5,9.588252303400171
122,71.0,8.897952666713774
123,71.5,8.757707377359552
124,72.0,8.275103892088273
125,72.5,8.338255996320246
126,73.0,7.525218985573206
127,73.5,7.9535219003454785
128,74.0,7.262522750926906
129,74.5,7.340955952315041
130,75.0,7.107010209870128
131,75.5,6.26993414416986
132,76.0,5.8798218238377125
133,76.5,5.399285830402128
134,77.0,5.620541748556025
135,77.5,5.0998570620194545
136,78.0,5.774750728085453
137,78.5,5.534873093696194
138,79.0,5.314709647617293
139,79.5,4.890281390052604
140,80.0,5.144438399501189
141,80.5,4.720754387439427
142,81.0,4.426336585295187
143,81.5,4.12145993894414
144,82.0,4.114913055751511
145,82.5,4.406074675959324
146,83.0,4.109283349859248
147,83.5,3.8576612639058463
148,84.0,4.153162260030024
149,84.5,3.869517378102772
150,85.0,3.9354978346655893
151,85.5,4.069723605107338
152,86.0,3.779895416387874
153,86.5,4.060508890799803
154,87.0,3.9455638341375736
155,87.5,3.857876564106165
156,88.0,3.8261591900920613
157,88.5,3.8313747098903552
158,89.0,3.4339166324928403
159,89.5,3.88392989604726
160,90.0,4.080216991784404
161,90.5,4.023771275201265
162,91.0,4.372594179034762
163,91.5,4.12138639511556
164,92.0,4.391299548027858
165,92.5,4.246008165266246
166,93.0,4.0545123020102105
167,93.5,3.9025756910836513
168,94.0,4.43072101048549
169,94.5,4.506824624709664
170,95.0,4.443866993230923
171,95.5,4.373378882832526
172,96.0,4.237658153411094
173,96.5,4.254728725488393
174,97.0,4.529617711000821
175,97.5,4.40864075107846
176,98.0,4.234933845858281
177,98.5,5.00920710624735
178,99.0,4.4894984257753965
179,99.5,4.2889154280293305
180,100.0,4.345149797841852
181,100.5,4.129575299378484
182,101.0,4.343305125872231
183,101.5,4.3015771440115875
184,102.0,4.068783895799109
185,102.5,4.172222242689306
186,103.0,4.088825573415782
187,103.5,3.8380017573385175
188,104.0,3.9178281244959576
189,104.5,3.889759322230002
190,105.0,3.8319371692021575
191,105.5,3.624483258743207
192,106.0,3.4023200961474585
193,106.5,3.58741106456067
194,107.0,3.5847434568485137
195,107.5,3.54190160366113
196,108.0,3.0114986289426806
197,108.5,3.3191448281116185
198,109.0,2.8134883716034134
199,109.5,2.66074259981496
200,110.0,2.8540719396846272
201,110.5,2.654033760342849
202,111.0,2.5415754784422795
203,111.5,2.403844659485719
204,112.0,2.453837378268904
205,112.5,2.1729447029262774
206,113.0,2.2781695176045433
207,113.5,2.0620248498629214
208,114.0,1.8724419225697861
209,114.5,2.1103582311509164
210,115.0,1.8505583663990017
211,115.5,1.9000251026085908
212,116.0,1.9112701759030895
213,116.5,1.720560613166833
214,117.0,1.7134026773071205
215,117.5,1.8511235159329147
216,118.0,1.8237270817950786
217,118.5,1.6240810607566931
218,119.0,1.740997403235592
219,119.5,1.5143505050644686
220,120.0,1.7927594982900683
221,120.5,1.8678461291806254
222,121.0,1.8347419437981747
223,121.5,1.9886756036123339
224,122.0,1.9348942666367697
225,122.5,2.0494411023052668
226,123.0,2.006100433368346
227,123.5,2.3146077439182586
228,124.0,2.130153467327835
229,124.5,2.54850511039426
230,125.0,2.5030123913925215
231,125.5,2.5394414031550947
232,126.0,2.6827711375599574
233,126.5,3.050195755438857
234,127.0,3.076859277498963
235,127.5,3.143877812008102
236,128.0,3.3205868258875113
237,128.5,3.5801861748226274
238,129.0,3.8938753872508203
239,129.5,3.512649104796608
240,130.0,3.8589923343400843
241,130.5,3.5672940876502337
242,131.0,4.104229287331369
243,131.5,4.200390636507394
244,132.0,4.653299530797269
245,132.5,4.646132626965697
246,133.0,4.8847038809383605
247,133.5,5.122460910684292
248,134.0,5.032171009940647
249,134.5,4.903003926937637
250,135.0,5.461682945984658
251,135.5,5.499383726896571
252,136.0,5.551804009892656
253,136.5,5.503687103721505
254,137.0,6.19016079623744
255,137.5,6.113659752098313
256,138.0,5.776980962886643
257,138.5,5.955216627128485
258,139.0,5.707545606255739
259,139.5,5.727790446346336
260,140.0,6.616391347547388
261,140.5,6.269210851139391
262,141.0,6.404933995502886
263,141.5,6.206695257961109
264,142.0,6.384629884105982
265,142.5,6.405702747221832
266,143.0,6.148328601950562
267,143.5,6.329588424843213
268,144.0,5.905632215108988
269,144.5,6.5330481744291555
270,145.0,6.178300167605657
271,145.5,6.040075411971556
272,146.0,6.213175686120446
273,146.5,6.479662934814908
274,147.0,6.506661910453161
275,147.5,6.195700008800183
276,148.0,6.2611351178067665
277,148.5,6.285434533288756
278,149.0,6.201081739365842
279,149.5,6.033052980969947
280,150.0,5.72300522063026
281,150.5,5.813297739855428
282,151.0,5.761827627558889
283,151.5,5.707075346992507
284,152.0,6.156586795832414
285,152.5,5.220202335076928
286,153.0,5.466718929568702
287,153.5,5.627903698976075
288,154.0,5.577604763284753
289,154.5,5.268938752135355
290,155.0,5.998105316015547
291,155.5,5.431206504562583
292,156.0,5.662004014970642
293,156.5,5.646264370800349
294,157.0,5.713541887720363
295,157.5,6.0322415606756445
296,158.0,5.976606392129864
297,158.5,5.731754467093067
298,159.0,5.83319986106745
299,159.5,5.979980770236808
300,160.0,5.93679084820139
301,160.5,6.112746053191542
302,161.0,6.349745066833974
303,161.5,6.411774756243834
304,162.0,6.111347427466713
305,162.5,6.243847580989934
306,163.0,6.618024350787185
307,163.5,7.239048760973344
308,164.0,6.731496993078628
309,164.5,7.071366500068497
310,165.0,6.77972588030977
311,165.5,7.980536071080662
312,166.0,7.2771394380099235
313,166.5,8.642914971425137
314,167.0,7.988629027389503
315,167.5,7.639301215025265
316,168.0,7.958353489452133
317,168.5,8.939850073498691
318,169.0,9.549077910634317
319,169.5,8.809544390258356
320,170.0,9.169879145934516
