,n space,k space,Chi Square Statistic
0,"[1.5  1.51 1.52 1.53 1.54 1.55 1.56 1.57 1.58 1.59 1.6  1.61 1.62 1.63
 1.64 1.65 1.66 1.67 1.68 1.69]",[0. 0. 0. 0. 0. 0. 0. 0. 0. 0. 0. 0. 0. 0. 0. 0. 0. 0. 0. 0.],"[1110.05183883 1008.10133179  901.71641209  792.75640083  686.79167732
  582.97152626  499.79675229  438.10908957  390.4983549   356.18720207
  363.81021357  410.66264339  513.68927823  633.93480156  761.50855603
  890.67177628 1020.34664037 1149.54775694 1277.54755827 1402.80570608]"
1,"[1.5  1.51 1.52 1.53 1.54 1.55 1.56 1.57 1.58 1.59 1.6  1.61 1.62 1.63
 1.64 1.65 1.66 1.67 1.68 1.69]","[0.01 0.01 0.01 0.01 0.01 0.01 0.01 0.01 0.01 0.01 0.01 0.01 0.01 0.01
 0.01 0.01 0.01 0.01 0.01 0.01]","[1019.31954392  927.81880659  832.38792828  742.6169076   662.60103203
  592.54384921  530.28771173  476.96388281  456.79839044  462.25842276
  513.2186201   596.0287476   690.91486479  792.23046783  897.70704167
 1005.91161204 1115.96503727 1227.13721033 1338.63463464 1449.39033386]"
2,"[1.5  1.51 1.52 1.53 1.54 1.55 1.56 1.57 1.58 1.59 1.6  1.61 1.62 1.63
 1.64 1.65 1.66 1.67 1.68 1.69]","[0.02 0.02 0.02 0.02 0.02 0.02 0.02 0.02 0.02 0.02 0.02 0.02 0.02 0.02
 0.02 0.02 0.02 0.02 0.02 0.02]","[ 974.51942603  906.87652928  843.71875792  782.60637171  727.14710957
  677.51046422  653.31885264  644.46432866  662.93323584  720.79580335
  790.58904488  871.27266939  956.57048723 1045.95464457 1138.82028409
 1234.13105061 1331.46956151 1430.33002769 1530.03970513 1629.85039424]"
3,"[1.5  1.51 1.52 1.53 1.54 1.55 1.56 1.57 1.58 1.59 1.6  1.61 1.62 1.63
 1.64 1.65 1.66 1.67 1.68 1.69]","[0.03 0.03 0.03 0.03 0.03 0.03 0.03 0.03 0.03 0.03 0.03 0.03 0.03 0.03
 0.03 0.03 0.03 0.03 0.03 0.03]","[ 992.30965337  945.4744925   900.39928062  862.7322325   842.44996322
  829.32972479  835.03218396  873.5809301   926.43746794  988.106866
 1057.95696562 1132.36737421 1210.9051468  1292.94499943 1377.90658476
 1465.24424993 1554.39334294 1644.82174351 1735.71400376 1826.33742929]"
4,"[1.5  1.51 1.52 1.53 1.54 1.55 1.56 1.57 1.58 1.59 1.6  1.61 1.62 1.63
 1.64 1.65 1.66 1.67 1.68 1.69]","[0.04 0.04 0.04 0.04 0.04 0.04 0.04 0.04 0.04 0.04 0.04 0.04 0.04 0.04
 0.04 0.04 0.04 0.04 0.04 0.04]","[1051.80353383 1027.06766571 1008.40055187  996.91090477 1001.30282076
 1027.03971581 1065.03727523 1110.35054542 1165.48346688 1225.8235976
 1290.77390709 1359.91410486 1432.78352591 1508.88421797 1587.68499692
 1668.62638522 1751.12633262 1834.5866074  1918.48677191 2002.15174903]"
5,"[1.5  1.51 1.52 1.53 1.54 1.55 1.56 1.57 1.58 1.59 1.6  1.61 1.62 1.63
 1.64 1.65 1.66 1.67 1.68 1.69]","[0.05 0.05 0.05 0.05 0.05 0.05 0.05 0.05 0.05 0.05 0.05 0.05 0.05 0.05
 0.05 0.05 0.05 0.05 0.05 0.05]","[1164.01267381 1160.05650702 1164.22983036 1180.78881575 1205.57280573
 1237.85495245 1278.1734921  1324.80128228 1376.30205016 1432.36913928
 1492.65797887 1556.78661393 1624.33712446 1694.85794558 1767.86707166
 1842.85610361 1919.29507639 1996.6379852  2074.32890944 2151.80861438]"
6,"[1.5  1.51 1.52 1.53 1.54 1.55 1.56 1.57 1.58 1.59 1.6  1.61 1.62 1.63
 1.64 1.65 1.66 1.67 1.68 1.69]","[0.06 0.06 0.06 0.06 0.06 0.06 0.06 0.06 0.06 0.06 0.06 0.06 0.06 0.06
 0.06 0.06 0.06 0.06 0.06 0.06]","[1327.34307468 1334.62781647 1348.42532302 1368.82809601 1396.99987946
 1430.70898251 1469.35417486 1512.71649111 1560.54500242 1612.55585727
 1668.43192175 1727.82310637 1790.34743966 1855.59292262 1923.12017214
 1992.46583732 2063.14674913 2134.66474097 2206.51205567 2278.17723143]"
7,"[1.5  1.51 1.52 1.53 1.54 1.55 1.56 1.57 1.58 1.59 1.6  1.61 1.62 1.63
 1.64 1.65 1.66 1.67 1.68 1.69]","[0.07 0.07 0.07 0.07 0.07 0.07 0.07 0.07 0.07 0.07 0.07 0.07 0.07 0.07
 0.07 0.07 0.07 0.07 0.07 0.07]","[1493.46890933 1505.08102104 1521.8523884  1543.627742   1570.27712023
 1601.64640009 1637.55575318 1677.79823508 1722.13863383 1770.31269454
 1822.02682305 1876.95835385 1934.75644716 1995.04365812 2057.41819834
 2121.45688717 2186.71876679 2252.74933191 2319.08530221 2385.25984238]"
8,"[1.5  1.51 1.52 1.53 1.54 1.55 1.56 1.57 1.58 1.59 1.6  1.61 1.62 1.63
 1.64 1.65 1.66 1.67 1.68 1.69]","[0.08 0.08 0.08 0.08 0.08 0.08 0.08 0.08 0.08 0.08 0.08 0.08 0.08 0.08
 0.08 0.08 0.08 0.08 0.08 0.08]","[1652.08807849 1662.98276868 1678.60969351 1698.8636343  1723.61843154
 1752.72583311 1786.01433139 1823.28809334 1864.32608852 1908.88151539
 1956.68161738 2007.42796718 2060.79728185 2116.44281329 2173.99633881
 2233.07075553 2293.26326093 2354.15907966 2415.33567479 2476.36736041]"
9,"[1.5  1.51 1.52 1.53 1.54 1.55 1.56 1.57 1.58 1.59 1.6  1.61 1.62 1.63
 1.64 1.65 1.66 1.67 1.68 1.69]","[0.09 0.09 0.09 0.09 0.09 0.09 0.09 0.09 0.09 0.09 0.09 0.09 0.09 0.09
 0.09 0.09 0.09 0.09 0.09 0.09]","[1793.46911901 1803.55937016 1818.03377541 1836.79008554 1859.70654119
 1886.64103628 1917.43026777 1951.88895619 1989.80922413 2030.96021742
 2075.08804826 2121.91612983 2171.14595931 2222.45839124 2275.51542612
 2329.96252075 2385.43140705 2441.54338646 2497.91304669 2554.15232845]"
10,"[1.5  1.51 1.52 1.53 1.54 1.55 1.56 1.57 1.58 1.59 1.6  1.61 1.62 1.63
 1.64 1.65 1.66 1.67 1.68 1.69]","[0.1 0.1 0.1 0.1 0.1 0.1 0.1 0.1 0.1 0.1 0.1 0.1 0.1 0.1 0.1 0.1 0.1 0.1
 0.1 0.1]","[1919.75650627 1929.02496288 1942.35717499 1959.65447891 1980.79997252
 2005.65792863 2034.07319909 2065.87067825 2100.85489732 2138.80982098
 2179.49891322 2222.66553241 2268.0337057  2315.30931976 2364.18175115
 2414.32594275 2465.40491616 2517.07269191 2568.97757192 2620.7657214 ]"
11,"[1.5  1.51 1.52 1.53 1.54 1.55 1.56 1.57 1.58 1.59 1.6  1.61 1.62 1.63
 1.64 1.65 1.66 1.67 1.68 1.69]","[0.11 0.11 0.11 0.11 0.11 0.11 0.11 0.11 0.11 0.11 0.11 0.11 0.11 0.11
 0.11 0.11 0.11 0.11 0.11 0.11]","[2032.8152668  2041.26091421 2053.47486737 2069.36248448 2088.8120469
 2111.69437023 2137.8624135  2167.15094214 2199.3763033  2234.33637279
 2271.8107296  2311.56110885 2353.33217569 2396.85265226 2441.83681752
 2487.98638605 2534.99275707 2582.53960964 2630.30580472 2677.96854008]"
12,"[1.5  1.51 1.52 1.53 1.54 1.55 1.56 1.57 1.58 1.59 1.6  1.61 1.62 1.63
 1.64 1.65 1.66 1.67 1.68 1.69]","[0.12 0.12 0.12 0.12 0.12 0.12 0.12 0.12 0.12 0.12 0.12 0.12 0.12 0.12
 0.12 0.12 0.12 0.12 0.12 0.12]","[2134.24047566 2141.87452267 2153.00407653 2167.53880864 2185.37239371
 2206.3822765  2230.42944471 2257.35825319 2286.99634726 2319.15473374
 2353.62804619 2390.19504663 2428.61939911 2468.65074223 2510.02607686
 2552.47147419 2595.70409605 2639.43450686 2683.36924323 2727.21359486]"
13,"[1.5  1.51 1.52 1.53 1.54 1.55 1.56 1.57 1.58 1.59 1.6  1.61 1.62 1.63
 1.64 1.65 1.66 1.67 1.68 1.69]","[0.13 0.13 0.13 0.13 0.13 0.13 0.13 0.13 0.13 0.13 0.13 0.13 0.13 0.13
 0.13 0.13 0.13 0.13 0.13 0.13]","[2225.40278371 2232.24548824 2242.33157498 2255.57520318 2271.87555051
 2291.11670145 2313.16754955 2337.88174982 2365.09776023 2394.63901207
 2426.3142471  2459.91805633 2495.23164957 2532.02387768 2570.05252094
 2609.06584693 2648.80443079 2689.00321959 2729.39381173 2769.70691154]"
14,"[1.5  1.51 1.52 1.53 1.54 1.55 1.56 1.57 1.58 1.59 1.6  1.61 1.62 1.63
 1.64 1.65 1.66 1.67 1.68 1.69]","[0.14 0.14 0.14 0.14 0.14 0.14 0.14 0.14 0.14 0.14 0.14 0.14 0.14 0.14
 0.14 0.14 0.14 0.14 0.14 0.14]","[2307.48494958 2313.56315187 2322.65155412 2334.66888478 2349.51984992
 2367.09511598 2387.27131275 2409.91108601 2434.86323134 2461.96294121
 2491.0321965  2521.88033033 2554.30478811 2588.09210139 2623.01908582
 2658.85426557 2695.35951731 2732.2919178  2769.40576988 2806.45477311]"
15,"[1.5  1.51 1.52 1.53 1.54 1.55 1.56 1.57 1.58 1.59 1.6  1.61 1.62 1.63
 1.64 1.65 1.66 1.67 1.68 1.69]","[0.15 0.15 0.15 0.15 0.15 0.15 0.15 0.15 0.15 0.15 0.15 0.15 0.15 0.15
 0.15 0.15 0.15 0.15 0.15 0.15]","[2381.51145966 2386.85665565 2394.99627208 2405.853614   2419.33887257
 2435.34917984 2453.7686891  2474.46870438 2497.30788447 2522.13254732
 2548.77709993 2577.06461632 2606.80758251 2637.80882233 2669.86261218
 2702.75598555 2736.27022098 2770.1824993  2804.26770844 2838.30036693]"
16,"[1.5  1.51 1.52 1.53 1.54 1.55 1.56 1.57 1.58 1.59 1.6  1.61 1.62 1.63
 1.64 1.65 1.66 1.67 1.68 1.69]","[0.16 0.16 0.16 0.16 0.16 0.16 0.16 0.16 0.16 0.16 0.16 0.16 0.16 0.16
 0.16 0.16 0.16 0.16 0.16 0.16]","[2448.37276247 2453.01959541 2460.26108799 2470.02507161 2482.22712412
 2496.77067888 2513.54716345 2532.43618651 2553.30579363 2576.0128125
 2600.40330772 2626.31316314 2653.56880667 2681.9880884  2711.38131777
 2741.55245981 2772.30048441 2803.4208561  2834.70714543 2865.95273751]"
17,"[1.5  1.51 1.52 1.53 1.54 1.55 1.56 1.57 1.58 1.59 1.6  1.61 1.62 1.63
 1.64 1.65 1.66 1.67 1.68 1.69]","[0.17 0.17 0.17 0.17 0.17 0.17 0.17 0.17 0.17 0.17 0.17 0.17 0.17 0.17
 0.17 0.17 0.17 0.17 0.17 0.17]","[2508.84525373 2512.83033319 2519.22507614 2527.96174554 2538.96116475
 2552.13286658 2567.37527467 2584.57593219 2603.61179411 2624.34959955
 2646.64634026 2670.3498392  2695.29945105 2721.32689281 2748.25720839
 2775.90986664 2804.09998685 2832.6396808  2861.33949486 2890.00993122]"
18,"[1.5  1.51 1.52 1.53 1.54 1.55 1.56 1.57 1.58 1.59 1.6  1.61 1.62 1.63
 1.64 1.65 1.66 1.67 1.68 1.69]","[0.18 0.18 0.18 0.18 0.18 0.18 0.18 0.18 0.18 0.18 0.18 0.18 0.18 0.18
 0.18 0.18 0.18 0.18 0.18 0.18]","[2563.60787157 2566.96885108 2572.56811939 2580.34224287 2590.21711689
 2602.10814353 2615.92044323 2631.54911235 2648.87953968 2667.78779483
 2688.14110114 2709.79840415 2732.61104447 2756.42354134 2781.07448927
 2806.39756654 2832.22265005 2858.37702667 2884.68668684 2910.97768258]"
19,"[1.5  1.51 1.52 1.53 1.54 1.55 1.56 1.57 1.58 1.59 1.6  1.61 1.62 1.63
 1.64 1.65 1.66 1.67 1.68 1.69]","[0.19 0.19 0.19 0.19 0.19 0.19 0.19 0.19 0.19 0.19 0.19 0.19 0.19 0.19
 0.19 0.19 0.19 0.19 0.19 0.19]","[2613.25596068 2616.03082075 2620.88517015 2627.75972595 2636.58525872
 2647.28278965 2659.76382254 2673.93062005 2689.6765345  2706.88640344
 2725.43701978 2745.19768496 2766.03085206 2787.792863   2810.33478149
 2833.50331986 2857.14185461 2881.09152186 2905.19238052 2929.28462743]"
