,n space,k space,Chi Square Statistic
0,"[1.5  1.51 1.52 1.53 1.54 1.55 1.56 1.57 1.58 1.59 1.6  1.61 1.62 1.63
 1.64 1.65 1.66 1.67 1.68 1.69]",[0. 0. 0. 0. 0. 0. 0. 0. 0. 0. 0. 0. 0. 0. 0. 0. 0. 0. 0. 0.],"[2994.99164345 2889.10564817 2777.59928472 2660.26584945 2542.45686325
 2423.16823991 2312.90117009 2230.58726739 2182.27804557 2172.85250973
 2192.32583286 2253.24731121 2385.34986491 2542.74796645 2737.05525325
 2966.06610889 3206.54201601 3458.22458135 3730.50984349 4015.39906293]"
1,"[1.5  1.51 1.52 1.53 1.54 1.55 1.56 1.57 1.58 1.59 1.6  1.61 1.62 1.63
 1.64 1.65 1.66 1.67 1.68 1.69]","[0.01 0.01 0.01 0.01 0.01 0.01 0.01 0.01 0.01 0.01 0.01 0.01 0.01 0.01
 0.01 0.01 0.01 0.01 0.01 0.01]","[2746.8592514  2659.68816988 2567.5522256  2479.59068697 2395.7931387
 2323.90192857 2274.93969654 2255.66609393 2249.83714688 2269.29903087
 2335.73621458 2448.75232334 2576.41371815 2736.89347856 2928.44594559
 3128.85923733 3334.39705045 3567.77010459 3804.74322798 4066.39343135]"
2,"[1.5  1.51 1.52 1.53 1.54 1.55 1.56 1.57 1.58 1.59 1.6  1.61 1.62 1.63
 1.64 1.65 1.66 1.67 1.68 1.69]","[0.02 0.02 0.02 0.02 0.02 0.02 0.02 0.02 0.02 0.02 0.02 0.02 0.02 0.02
 0.02 0.02 0.02 0.02 0.02 0.02]","[2641.6771839  2575.26582596 2513.86828228 2467.14592519 2439.26947589
 2416.52270873 2401.03822073 2399.76247744 2433.97724134 2508.37137751
 2604.20037958 2715.08004626 2856.63071712 3023.03481298 3197.63785742
 3377.16820788 3575.80652274 3780.26032233 3999.41460078 4234.25886114]"
3,"[1.5  1.51 1.52 1.53 1.54 1.55 1.56 1.57 1.58 1.59 1.6  1.61 1.62 1.63
 1.64 1.65 1.66 1.67 1.68 1.69]","[0.03 0.03 0.03 0.03 0.03 0.03 0.03 0.03 0.03 0.03 0.03 0.03 0.03 0.03
 0.03 0.03 0.03 0.03 0.03 0.03]","[2679.7954179  2645.36396918 2614.82355659 2589.15840396 2568.21414014
 2561.8299008  2580.95473708 2631.64538373 2701.57481771 2781.58281154
 2884.19792472 3009.25166092 3155.51348287 3308.85140695 3467.06077058
 3641.57836551 3826.32598864 4014.72402534 4227.74528762 4441.70807913]"
4,"[1.5  1.51 1.52 1.53 1.54 1.55 1.56 1.57 1.58 1.59 1.6  1.61 1.62 1.63
 1.64 1.65 1.66 1.67 1.68 1.69]","[0.04 0.04 0.04 0.04 0.04 0.04 0.04 0.04 0.04 0.04 0.04 0.04 0.04 0.04
 0.04 0.04 0.04 0.04 0.04 0.04]","[2792.0049048  2766.70938709 2747.83883579 2742.47352075 2759.11926309
 2789.53619039 2836.13167945 2894.36464863 2967.8076506  3059.03021796
 3172.20893964 3301.34678042 3436.72192445 3577.16807974 3732.05514907
 3898.3266501  4066.4550749  4251.012871   4446.28712207 4641.00552586]"
5,"[1.5  1.51 1.52 1.53 1.54 1.55 1.56 1.57 1.58 1.59 1.6  1.61 1.62 1.63
 1.64 1.65 1.66 1.67 1.68 1.69]","[0.05 0.05 0.05 0.05 0.05 0.05 0.05 0.05 0.05 0.05 0.05 0.05 0.05 0.05
 0.05 0.05 0.05 0.05 0.05 0.05]","[2958.90666588 2951.56424897 2955.59872028 2970.10120475 2998.488836
 3036.67653097 3090.29241793 3156.95416092 3238.85255584 3339.49891955
 3450.21665511 3567.69836367 3691.03642237 3828.29067478 3977.53493947
 4130.08507052 4291.49287594 4469.93922076 4650.4547015  4830.37375008]"
6,"[1.5  1.51 1.52 1.53 1.54 1.55 1.56 1.57 1.58 1.59 1.6  1.61 1.62 1.63
 1.64 1.65 1.66 1.67 1.68 1.69]","[0.06 0.06 0.06 0.06 0.06 0.06 0.06 0.06 0.06 0.06 0.06 0.06 0.06 0.06
 0.06 0.06 0.06 0.06 0.06 0.06]","[3162.34087594 3166.40662734 3180.98506688 3206.89919441 3242.89817749
 3287.73008268 3345.44903759 3418.72261083 3504.67164372 3598.56652314
 3699.42175326 3806.49983932 3928.58488654 4061.02588185 4197.6032829
 4337.70299448 4498.69926118 4664.273798   4831.61027348 4999.02613548]"
7,"[1.5  1.51 1.52 1.53 1.54 1.55 1.56 1.57 1.58 1.59 1.6  1.61 1.62 1.63
 1.64 1.65 1.66 1.67 1.68 1.69]","[0.07 0.07 0.07 0.07 0.07 0.07 0.07 0.07 0.07 0.07 0.07 0.07 0.07 0.07
 0.07 0.07 0.07 0.07 0.07 0.07]","[3391.12769031 3399.76781361 3416.64692697 3444.21746725 3481.33943393
 3532.16941023 3594.67467879 3665.40922949 3743.84592808 3829.50402736
 3922.07591833 4031.34567753 4147.70867285 4268.82506633 4393.78434825
 4535.07892196 4684.27908719 4837.36379055 4990.96657228 5147.59869741]"
8,"[1.5  1.51 1.52 1.53 1.54 1.55 1.56 1.57 1.58 1.59 1.6  1.61 1.62 1.63
 1.64 1.65 1.66 1.67 1.68 1.69]","[0.08 0.08 0.08 0.08 0.08 0.08 0.08 0.08 0.08 0.08 0.08 0.08 0.08 0.08
 0.08 0.08 0.08 0.08 0.08 0.08]","[3613.04323269 3624.06349726 3643.82947628 3673.79053526 3714.39969837
 3763.56274115 3820.68146144 3885.34980945 3957.1036669  4040.97268919
 4134.81177414 4236.01478917 4342.47680509 4453.4642412  4577.71630987
 4711.03596875 4849.97928993 4991.05134806 5132.2513047  5278.9522491 ]"
9,"[1.5  1.51 1.52 1.53 1.54 1.55 1.56 1.57 1.58 1.59 1.6  1.61 1.62 1.63
 1.64 1.65 1.66 1.67 1.68 1.69]","[0.09 0.09 0.09 0.09 0.09 0.09 0.09 0.09 0.09 0.09 0.09 0.09 0.09 0.09
 0.09 0.09 0.09 0.09 0.09 0.09]","[3828.44421433 3839.30092044 3859.97167817 3888.901834   3925.78893261
 3970.36094772 4023.25274053 4087.25651904 4158.48365963 4238.20060292
 4325.17567491 4417.7123544  4515.16090373 4624.60505735 4743.50899095
 4867.20684918 4995.55091554 5125.17329598 5256.73484858 5392.62905163]"
10,"[1.5  1.51 1.52 1.53 1.54 1.55 1.56 1.57 1.58 1.59 1.6  1.61 1.62 1.63
 1.64 1.65 1.66 1.67 1.68 1.69]","[0.1 0.1 0.1 0.1 0.1 0.1 0.1 0.1 0.1 0.1 0.1 0.1 0.1 0.1 0.1 0.1 0.1 0.1
 0.1 0.1]","[4030.14516685 4040.50174483 4059.37900775 4086.92882155 4122.66465896
 4166.23380836 4217.29681235 4275.47050364 4342.27777509 4415.88858907
 4495.2576739  4580.68539576 4676.85102405 4781.96116998 4891.1869894
 5006.31410099 5124.13321891 5243.12002044 5366.48270717 5491.43017604]"
11,"[1.5  1.51 1.52 1.53 1.54 1.55 1.56 1.57 1.58 1.59 1.6  1.61 1.62 1.63
 1.64 1.65 1.66 1.67 1.68 1.69]","[0.11 0.11 0.11 0.11 0.11 0.11 0.11 0.11 0.11 0.11 0.11 0.11 0.11 0.11
 0.11 0.11 0.11 0.11 0.11 0.11]","[4225.75169511 4234.21194767 4250.5752402  4274.67437841 4306.29579824
 4345.38574024 4391.7615234  4446.67409242 4507.87833164 4574.91759253
 4651.29763799 4734.46986189 4826.07538228 4922.21592732 5023.49804398
 5129.5292726  5237.50149122 5347.2059287  5462.38982602 5577.20424352]"
12,"[1.5  1.51 1.52 1.53 1.54 1.55 1.56 1.57 1.58 1.59 1.6  1.61 1.62 1.63
 1.64 1.65 1.66 1.67 1.68 1.69]","[0.12 0.12 0.12 0.12 0.12 0.12 0.12 0.12 0.12 0.12 0.12 0.12 0.12 0.12
 0.12 0.12 0.12 0.12 0.12 0.12]","[4402.58284699 4409.24374101 4423.23888866 4444.40930115 4472.55364093
 4508.52206104 4551.7124773  4601.14263686 4660.16262148 4725.65395669
 4796.54891372 4875.78983397 4959.7374555  5048.0537265  5142.01657273
 5239.06125209 5337.95093036 5440.94911644 5546.61285362 5652.05574893]"
13,"[1.5  1.51 1.52 1.53 1.54 1.55 1.56 1.57 1.58 1.59 1.6  1.61 1.62 1.63
 1.64 1.65 1.66 1.67 1.68 1.69]","[0.13 0.13 0.13 0.13 0.13 0.13 0.13 0.13 0.13 0.13 0.13 0.13 0.13 0.13
 0.13 0.13 0.13 0.13 0.13 0.13]","[4562.74418998 4567.71237636 4579.49041386 4598.57590429 4626.42600716
 4661.22274409 4702.65397014 4750.38021595 4804.02162604 4863.56257187
 4931.00960946 5003.27858187 5079.77689335 5161.63380013 5247.9910601
 5336.74879499 5427.73981331 5524.10310369 5620.98581584 5717.73126779]"
14,"[1.5  1.51 1.52 1.53 1.54 1.55 1.56 1.57 1.58 1.59 1.6  1.61 1.62 1.63
 1.64 1.65 1.66 1.67 1.68 1.69]","[0.14 0.14 0.14 0.14 0.14 0.14 0.14 0.14 0.14 0.14 0.14 0.14 0.14 0.14
 0.14 0.14 0.14 0.14 0.14 0.14]","[4718.01027722 4721.90417541 4732.82791184 4750.62319399 4775.09208265
 4805.99720227 4843.06231524 4885.97330735 4935.82260592 4992.11126259
 5053.26776741 5118.84833833 5189.14625011 5264.55258264 5343.30190313
 5424.34805772 5510.00395773 5598.20918295 5686.9936284  5775.75504559]"
15,"[1.5  1.51 1.52 1.53 1.54 1.55 1.56 1.57 1.58 1.59 1.6  1.61 1.62 1.63
 1.64 1.65 1.66 1.67 1.68 1.69]","[0.15 0.15 0.15 0.15 0.15 0.15 0.15 0.15 0.15 0.15 0.15 0.15 0.15 0.15
 0.15 0.15 0.15 0.15 0.15 0.15]","[4862.7196305  4864.93154032 4873.6771627  4888.80826617 4910.1402229
 4937.45234742 4971.19330919 5011.80719084 5057.72846805 5108.58599127
 5163.97854362 5223.5754127  5288.54277006 5357.67444882 5429.50354584
 5504.75205466 5584.29141618 5664.99642406 5746.30880923 5827.67581129]"
16,"[1.5  1.51 1.52 1.53 1.54 1.55 1.56 1.57 1.58 1.59 1.6  1.61 1.62 1.63
 1.64 1.65 1.66 1.67 1.68 1.69]","[0.16 0.16 0.16 0.16 0.16 0.16 0.16 0.16 0.16 0.16 0.16 0.16 0.16 0.16
 0.16 0.16 0.16 0.16 0.16 0.16]","[4994.50938944 4995.17282594 5001.91140486 5014.58676909 5034.31646338
 5059.84789121 5090.91332262 5127.2313039  5168.48927375 5214.3453385
 5264.43040939 5319.55314343 5378.99483421 5441.87621011 5507.49463518
 5578.48693017 5651.13344084 5724.92138283 5799.33834164 5873.87654928]"
17,"[1.5  1.51 1.52 1.53 1.54 1.55 1.56 1.57 1.58 1.59 1.6  1.61 1.62 1.63
 1.64 1.65 1.66 1.67 1.68 1.69]","[0.17 0.17 0.17 0.17 0.17 0.17 0.17 0.17 0.17 0.17 0.17 0.17 0.17 0.17
 0.17 0.17 0.17 0.17 0.17 0.17]","[5116.53039469 5116.26261616 5121.8788262  5133.24300938 5150.18710569
 5172.51153381 5199.98597302 5232.35042598 5269.31657913 5310.56947125
 5356.48156943 5406.75394396 5461.08331115 5518.23738518 5580.49356142
 5645.18147141 5711.47476674 5778.88386913 5846.9380602  5915.17053945]"
18,"[1.5  1.51 1.52 1.53 1.54 1.55 1.56 1.57 1.58 1.59 1.6  1.61 1.62 1.63
 1.64 1.65 1.66 1.67 1.68 1.69]","[0.18 0.18 0.18 0.18 0.18 0.18 0.18 0.18 0.18 0.18 0.18 0.18 0.18 0.18
 0.18 0.18 0.18 0.18 0.18 0.18]","[5230.23994687 5228.59120193 5232.41790858 5241.59378722 5255.9630404
 5275.34091212 5299.51447796 5328.24368264 5361.26263769 5398.67562181
 5440.7103217  5486.5194738  5535.74417949 5589.87985813 5646.81837644
 5705.7076397  5766.11868084 5827.64374355 5889.82698562 5952.23716838]"
19,"[1.5  1.51 1.52 1.53 1.54 1.55 1.56 1.57 1.58 1.59 1.6  1.61 1.62 1.63
 1.64 1.65 1.66 1.67 1.68 1.69]","[0.19 0.19 0.19 0.19 0.19 0.19 0.19 0.19 0.19 0.19 0.19 0.19 0.19 0.19
 0.19 0.19 0.19 0.19 0.19 0.19]","[5334.1761732  5331.27209898 5333.46514661 5340.63832086 5352.64741451
 5369.3215858  5390.46414256 5415.85354554 5445.47876495 5479.78540623
 5517.58544005 5559.26477066 5606.0437265  5655.50433816 5707.20671873
 5760.76294333 5815.77867648 5871.85621289 5928.61117163 5985.64570195]"
