,n space,k space,Chi Square Statistic
0,"[1.5  1.51 1.52 1.53 1.54 1.55 1.56 1.57 1.58 1.59 1.6  1.61 1.62 1.63
 1.64 1.65 1.66 1.67 1.68 1.69]",[0. 0. 0. 0. 0. 0. 0. 0. 0. 0. 0. 0. 0. 0. 0. 0. 0. 0. 0. 0.],"[2450.76907685 2333.89651768 2205.13357791 2072.77043705 1952.5532794
 1855.62868582 1765.79072597 1700.08885562 1657.72691514 1635.17641685
 1651.615304   1718.00213773 1847.25310571 2046.78626047 2286.25340683
 2562.15186043 2854.15884204 3177.09927581 3525.64327825 3874.65125993]"
1,"[1.5  1.51 1.52 1.53 1.54 1.55 1.56 1.57 1.58 1.59 1.6  1.61 1.62 1.63
 1.64 1.65 1.66 1.67 1.68 1.69]","[0.01 0.01 0.01 0.01 0.01 0.01 0.01 0.01 0.01 0.01 0.01 0.01 0.01 0.01
 0.01 0.01 0.01 0.01 0.01 0.01]","[2227.28397662 2136.75121097 2050.52061591 1966.64056373 1893.55407928
 1837.37198229 1784.25773303 1742.26017211 1733.02634074 1748.19817899
 1810.44826028 1928.02372948 2091.31532363 2286.38414687 2512.54353148
 2748.41647964 3017.61608095 3311.18012163 3619.93230683 3930.40053589]"
2,"[1.5  1.51 1.52 1.53 1.54 1.55 1.56 1.57 1.58 1.59 1.6  1.61 1.62 1.63
 1.64 1.65 1.66 1.67 1.68 1.69]","[0.02 0.02 0.02 0.02 0.02 0.02 0.02 0.02 0.02 0.02 0.02 0.02 0.02 0.02
 0.02 0.02 0.02 0.02 0.02 0.02]","[2179.16050794 2123.56745275 2070.07254024 2018.3694711  1967.16871949
 1932.69420559 1919.60214023 1919.07935746 1955.56003258 2021.78299512
 2131.74094207 2273.01328391 2444.16172173 2637.07065081 2838.70923432
 3069.95289342 3316.46345165 3582.45595332 3849.429689   4116.18594564]"
3,"[1.5  1.51 1.52 1.53 1.54 1.55 1.56 1.57 1.58 1.59 1.6  1.61 1.62 1.63
 1.64 1.65 1.66 1.67 1.68 1.69]","[0.03 0.03 0.03 0.03 0.03 0.03 0.03 0.03 0.03 0.03 0.03 0.03 0.03 0.03
 0.03 0.03 0.03 0.03 0.03 0.03]","[2234.30169232 2194.48340556 2161.97562657 2137.04863692 2121.62372946
 2117.53377117 2138.45358739 2178.55545932 2252.61486917 2356.44325761
 2481.36476598 2634.54694209 2804.60973656 2982.3077251  3186.54517602
 3403.95208458 3640.34770381 3881.56101599 4122.51347029 4361.31838633]"
4,"[1.5  1.51 1.52 1.53 1.54 1.55 1.56 1.57 1.58 1.59 1.6  1.61 1.62 1.63
 1.64 1.65 1.66 1.67 1.68 1.69]","[0.04 0.04 0.04 0.04 0.04 0.04 0.04 0.04 0.04 0.04 0.04 0.04 0.04 0.04
 0.04 0.04 0.04 0.04 0.04 0.04]","[2366.43570865 2344.74889141 2330.00449089 2324.71257088 2335.47176128
 2367.5735     2418.20835575 2488.31096179 2581.24474543 2695.40249839
 2829.27553933 2978.41787114 3135.09334809 3317.58284867 3510.86730243
 3722.47697292 3943.33668589 4165.22530314 4386.45524122 4608.92734163]"
5,"[1.5  1.51 1.52 1.53 1.54 1.55 1.56 1.57 1.58 1.59 1.6  1.61 1.62 1.63
 1.64 1.65 1.66 1.67 1.68 1.69]","[0.05 0.05 0.05 0.05 0.05 0.05 0.05 0.05 0.05 0.05 0.05 0.05 0.05 0.05
 0.05 0.05 0.05 0.05 0.05 0.05]","[2556.81657357 2549.920115   2556.4539809  2575.46377334 2608.41516044
 2654.83782626 2719.8160045  2804.04704678 2905.94187407 3022.05727393
 3150.92521534 3288.52304713 3451.68459073 3623.02638895 3810.37796662
 4009.98877881 4212.31540439 4415.83418359 4619.21414079 4830.06652386]"
6,"[1.5  1.51 1.52 1.53 1.54 1.55 1.56 1.57 1.58 1.59 1.6  1.61 1.62 1.63
 1.64 1.65 1.66 1.67 1.68 1.69]","[0.06 0.06 0.06 0.06 0.06 0.06 0.06 0.06 0.06 0.06 0.06 0.06 0.06 0.06
 0.06 0.06 0.06 0.06 0.06 0.06]","[2797.2179274  2802.84409887 2817.38203381 2843.91864426 2889.38029599
 2947.66643342 3020.40748724 3107.34120552 3207.28775309 3317.3151799
 3441.95001639 3584.71648217 3736.68270243 3903.30155169 4081.02934617
 4264.24400995 4450.09350371 4637.20885204 4826.50996458 5024.33230259]"
7,"[1.5  1.51 1.52 1.53 1.54 1.55 1.56 1.57 1.58 1.59 1.6  1.61 1.62 1.63
 1.64 1.65 1.66 1.67 1.68 1.69]","[0.07 0.07 0.07 0.07 0.07 0.07 0.07 0.07 0.07 0.07 0.07 0.07 0.07 0.07
 0.07 0.07 0.07 0.07 0.07 0.07]","[3051.43077153 3062.19197119 3085.84057933 3119.94707354 3167.57113794
 3228.38331289 3300.70708323 3384.38905332 3480.56295184 3592.32411262
 3715.43713702 3850.30239196 3996.95306238 4153.924549   4318.18257185
 4486.23638224 4656.89404819 4828.88347795 5008.94658907 5191.02540059]"
8,"[1.5  1.51 1.52 1.53 1.54 1.55 1.56 1.57 1.58 1.59 1.6  1.61 1.62 1.63
 1.64 1.65 1.66 1.67 1.68 1.69]","[0.08 0.08 0.08 0.08 0.08 0.08 0.08 0.08 0.08 0.08 0.08 0.08 0.08 0.08
 0.08 0.08 0.08 0.08 0.08 0.08]","[3304.30129694 3318.40798579 3343.92543396 3380.57370056 3428.8266719
 3488.84671061 3561.62074847 3644.53336216 3740.60009514 3845.26295828
 3965.17201765 4092.70569396 4230.31992372 4376.0550104  4526.50200889
 4680.60000288 4837.17327574 4998.18241489 5166.50743342 5334.00992932]"
9,"[1.5  1.51 1.52 1.53 1.54 1.55 1.56 1.57 1.58 1.59 1.6  1.61 1.62 1.63
 1.64 1.65 1.66 1.67 1.68 1.69]","[0.09 0.09 0.09 0.09 0.09 0.09 0.09 0.09 0.09 0.09 0.09 0.09 0.09 0.09
 0.09 0.09 0.09 0.09 0.09 0.09]","[3552.66558107 3569.20913976 3596.2391769  3633.53763476 3680.82293805
 3738.68199504 3808.55514697 3887.57179849 3980.70084025 4082.40139739
 4191.87145147 4311.66055579 4439.55136887 4572.82597704 4710.51072747
 4851.64001086 4995.18438698 5148.91001101 5303.46409962 5457.41266871]"
10,"[1.5  1.51 1.52 1.53 1.54 1.55 1.56 1.57 1.58 1.59 1.6  1.61 1.62 1.63
 1.64 1.65 1.66 1.67 1.68 1.69]","[0.1 0.1 0.1 0.1 0.1 0.1 0.1 0.1 0.1 0.1 0.1 0.1 0.1 0.1 0.1 0.1 0.1 0.1
 0.1 0.1]","[3796.02531485 3810.07391995 3835.18033491 3870.61228606 3916.14240059
 3973.75749738 4040.93389827 4117.17340075 4201.91356967 4294.5304947
 4398.16857149 4509.13048437 4625.96897037 4747.8308976  4873.83036756
 5003.05756508 5140.29825954 5281.5892072  5423.40381511 5564.77553151]"
11,"[1.5  1.51 1.52 1.53 1.54 1.55 1.56 1.57 1.58 1.59 1.6  1.61 1.62 1.63
 1.64 1.65 1.66 1.67 1.68 1.69]","[0.11 0.11 0.11 0.11 0.11 0.11 0.11 0.11 0.11 0.11 0.11 0.11 0.11 0.11
 0.11 0.11 0.11 0.11 0.11 0.11]","[4030.63108855 4043.59879706 4066.67262191 4099.62895019 4142.18470298
 4193.99680421 4254.66229467 4323.71920327 4401.66933964 4489.72578339
 4584.6945545  4685.87643183 4792.52944551 4903.87527157 5019.10635456
 5141.23189408 5269.2382632  5398.74386904 5528.85190833 5658.67870955]"
12,"[1.5  1.51 1.52 1.53 1.54 1.55 1.56 1.57 1.58 1.59 1.6  1.61 1.62 1.63
 1.64 1.65 1.66 1.67 1.68 1.69]","[0.12 0.12 0.12 0.12 0.12 0.12 0.12 0.12 0.12 0.12 0.12 0.12 0.12 0.12
 0.12 0.12 0.12 0.12 0.12 0.12]","[4249.53016324 4259.92551319 4279.70185505 4308.64714984 4346.49502346
 4392.9246057  4447.71186465 4513.09783688 4586.05156612 4666.02261812
 4752.41334012 4844.58305456 4941.85301393 5043.51205456 5151.92034202
 5266.76621385 5383.91982008 5502.55840503 5621.86228499 5741.02264918]"
13,"[1.5  1.51 1.52 1.53 1.54 1.55 1.56 1.57 1.58 1.59 1.6  1.61 1.62 1.63
 1.64 1.65 1.66 1.67 1.68 1.69]","[0.13 0.13 0.13 0.13 0.13 0.13 0.13 0.13 0.13 0.13 0.13 0.13 0.13 0.13
 0.13 0.13 0.13 0.13 0.13 0.13]","[4448.14318232 4456.14141666 4472.85183747 4498.07446081 4532.60348233
 4576.18920904 4627.67536376 4686.64839947 4752.64688815 4825.16398561
 4903.65056848 4987.51903753 5076.14775844 5172.26921268 5274.24238657
 5379.18047662 5486.33601458 5594.95672989 5704.29251022 5813.60227425]"
14,"[1.5  1.51 1.52 1.53 1.54 1.55 1.56 1.57 1.58 1.59 1.6  1.61 1.62 1.63
 1.64 1.65 1.66 1.67 1.68 1.69]","[0.14 0.14 0.14 0.14 0.14 0.14 0.14 0.14 0.14 0.14 0.14 0.14 0.14 0.14
 0.14 0.14 0.14 0.14 0.14 0.14]","[4630.37145175 4636.8788037  4651.79382861 4674.91955489 4706.01163518
 4744.77868628 4790.88305801 4843.94208569 4903.52986908 4969.17960642
 5040.38649534 5116.61119458 5201.87347358 5291.38868355 5384.39080941
 5480.20670068 5578.15240628 5677.53927088 5777.68007922 5877.89513213]"
15,"[1.5  1.51 1.52 1.53 1.54 1.55 1.56 1.57 1.58 1.59 1.6  1.61 1.62 1.63
 1.64 1.65 1.66 1.67 1.68 1.69]","[0.15 0.15 0.15 0.15 0.15 0.15 0.15 0.15 0.15 0.15 0.15 0.15 0.15 0.15
 0.15 0.15 0.15 0.15 0.15 0.15]","[4800.23916104 4804.58105287 4816.73847416 4836.5271846  4863.71942709
 4898.04441116 4939.18917322 4986.79985587 5040.48343878 5099.80994278
 5167.01872832 5240.11635998 5317.68450387 5399.14209732 5483.88781234
 5571.3050875  5660.76738869 5751.64360904 5843.30351256 5935.12312415]"
16,"[1.5  1.51 1.52 1.53 1.54 1.55 1.56 1.57 1.58 1.59 1.6  1.61 1.62 1.63
 1.64 1.65 1.66 1.67 1.68 1.69]","[0.16 0.16 0.16 0.16 0.16 0.16 0.16 0.16 0.16 0.16 0.16 0.16 0.16 0.16
 0.16 0.16 0.16 0.16 0.16 0.16]","[4955.08634527 4957.44073171 4967.06315921 4983.78182407 5007.38490466
 5037.62114258 5074.20075711 5117.72672885 5168.41465216 5224.73798206
 5286.2428952  5352.44552546 5422.83549283 5496.87980354 5574.027073
 5653.71201205 5735.36010811 5818.3924258  5902.23044667 5986.30086636]"
17,"[1.5  1.51 1.52 1.53 1.54 1.55 1.56 1.57 1.58 1.59 1.6  1.61 1.62 1.63
 1.64 1.65 1.66 1.67 1.68 1.69]","[0.17 0.17 0.17 0.17 0.17 0.17 0.17 0.17 0.17 0.17 0.17 0.17 0.17 0.17
 0.17 0.17 0.17 0.17 0.17 0.17]","[5101.17825998 5100.86191571 5107.7684291  5121.73018186 5142.5400781
 5169.95223206 5203.6829797  5243.41223975 5288.78524236 5339.4146356
 5394.88296999 5454.74555109 5518.53363916 5585.75796469 5655.91251815
 5728.4785638  5802.92881967 5878.73173986 5955.35583186 6032.27393927]"
18,"[1.5  1.51 1.52 1.53 1.54 1.55 1.56 1.57 1.58 1.59 1.6  1.61 1.62 1.63
 1.64 1.65 1.66 1.67 1.68 1.69]","[0.18 0.18 0.18 0.18 0.18 0.18 0.18 0.18 0.18 0.18 0.18 0.18 0.18 0.18
 0.18 0.18 0.18 0.18 0.18 0.18]","[5238.21078752 5236.14947257 5240.81074898 5252.03914532 5269.64283507
 5293.3943621  5323.03165469 5358.2593469  5398.75042073 5444.14817532
 5494.06852199 5548.10259487 5605.81965856 5666.77028547 5730.48976708
 5796.50171641 5864.32181233 5933.46163192 6003.43251354 6073.74939193]"
19,"[1.5  1.51 1.52 1.53 1.54 1.55 1.56 1.57 1.58 1.59 1.6  1.61 1.62 1.63
 1.64 1.65 1.66 1.67 1.68 1.69]","[0.19 0.19 0.19 0.19 0.19 0.19 0.19 0.19 0.19 0.19 0.19 0.19 0.19 0.19
 0.19 0.19 0.19 0.19 0.19 0.19]","[5363.59955725 5359.95727449 5362.57428981 5371.30669325 5385.97706727
 5406.37522898 5432.25923009 5463.35662882 5499.36604288 5539.95898734
 5584.78199434 5633.45900513 5685.59401726 5740.77396301 5798.57178822
 5858.54969472 5920.26250437 5983.26109885 6047.09588635 6111.32024543]"
