,n space,k space,Chi Square Statistic
0,"[1.5  1.51 1.52 1.53 1.54 1.55 1.56 1.57 1.58 1.59 1.6  1.61 1.62 1.63
 1.64 1.65 1.66 1.67 1.68 1.69]",[0. 0. 0. 0. 0. 0. 0. 0. 0. 0. 0. 0. 0. 0. 0. 0. 0. 0. 0. 0.],"[1107.3810006  1001.2359039   890.08068961  774.38558412  655.55548167
  535.34756674  415.13710071  300.17144185  205.33235313  175.01797764
  212.12112853  308.07467163  432.22990118  563.40692668  696.42942617
  829.83051811  962.74320665 1094.68149111 1224.26918846 1350.74746504]"
1,"[1.5  1.51 1.52 1.53 1.54 1.55 1.56 1.57 1.58 1.59 1.6  1.61 1.62 1.63
 1.64 1.65 1.66 1.67 1.68 1.69]","[0.01 0.01 0.01 0.01 0.01 0.01 0.01 0.01 0.01 0.01 0.01 0.01 0.01 0.01
 0.01 0.01 0.01 0.01 0.01 0.01]","[1024.38722197  929.56141214  829.48336395  724.95992008  616.74645733
  512.02213946  415.380925    357.32048899  350.31840774  392.10859729
  465.54512487  552.80359069  645.77735814  744.06693767  847.10181393
  953.91632685 1064.14646385 1176.06728313 1288.30845878 1400.13298161]"
2,"[1.5  1.51 1.52 1.53 1.54 1.55 1.56 1.57 1.58 1.59 1.6  1.61 1.62 1.63
 1.64 1.65 1.66 1.67 1.68 1.69]","[0.02 0.02 0.02 0.02 0.02 0.02 0.02 0.02 0.02 0.02 0.02 0.02 0.02 0.02
 0.02 0.02 0.02 0.02 0.02 0.02]","[ 950.83993011  869.5316281   786.36546304  701.15017313  625.12800079
  576.29814167  563.19067048  585.17872542  636.65739129  703.79006597
  778.75388678  858.65721649  942.92285208 1031.09121837 1122.61751889
 1217.27095684 1314.46890805 1413.57372494 1513.25729127 1612.8801518 ]"
3,"[1.5  1.51 1.52 1.53 1.54 1.55 1.56 1.57 1.58 1.59 1.6  1.61 1.62 1.63
 1.64 1.65 1.66 1.67 1.68 1.69]","[0.03 0.03 0.03 0.03 0.03 0.03 0.03 0.03 0.03 0.03 0.03 0.03 0.03 0.03
 0.03 0.03 0.03 0.03 0.03 0.03]","[ 912.32593466  850.54469778  801.26210057  769.43739029  759.19496832
  770.81157224  804.69111161  854.4580171   913.83043113  978.65179988
 1048.5018995  1122.91230809 1201.36958701 1283.31963429 1368.17306572
 1455.31146303 1544.09432589 1634.05252954 1724.71765    1815.65364171]"
4,"[1.5  1.51 1.52 1.53 1.54 1.55 1.56 1.57 1.58 1.59 1.6  1.61 1.62 1.63
 1.64 1.65 1.66 1.67 1.68 1.69]","[0.04 0.04 0.04 0.04 0.04 0.04 0.04 0.04 0.04 0.04 0.04 0.04 0.04 0.04
 0.04 0.04 0.04 0.04 0.04 0.04]","[ 968.38024676  949.75116887  941.46222953  948.43807812  970.53563352
 1006.23063852 1050.64669461 1100.67630907 1156.02840076 1216.36853148
 1281.31884097 1350.45903874 1423.32845979 1499.42915185 1578.2299308
 1659.1713191  1741.6712665  1825.13154128 1908.9446697  1992.50128989]"
5,"[1.5  1.51 1.52 1.53 1.54 1.55 1.56 1.57 1.58 1.59 1.6  1.61 1.62 1.63
 1.64 1.65 1.66 1.67 1.68 1.69]","[0.05 0.05 0.05 0.05 0.05 0.05 0.05 0.05 0.05 0.05 0.05 0.05 0.05 0.05
 0.05 0.05 0.05 0.05 0.05 0.05]","[1118.63242531 1120.66016088 1135.78131121 1160.58263574 1191.12148952
 1227.23267071 1268.71842598 1315.34621616 1366.84698404 1422.91407316
 1483.20291274 1547.3315478  1614.88205834 1685.40287945 1758.41200554
 1833.40103749 1909.84001027 1987.18291908 2064.87384332 2142.35354826]"
6,"[1.5  1.51 1.52 1.53 1.54 1.55 1.56 1.57 1.58 1.59 1.6  1.61 1.62 1.63
 1.64 1.65 1.66 1.67 1.68 1.69]","[0.06 0.06 0.06 0.06 0.06 0.06 0.06 0.06 0.06 0.06 0.06 0.06 0.06 0.06
 0.06 0.06 0.06 0.06 0.06 0.06]","[1305.41960937 1317.77695426 1335.65995457 1358.96024837 1387.54481334
 1421.25391639 1459.89910874 1503.26142498 1551.0899363  1603.10079115
 1658.97685563 1718.36804025 1780.89237354 1846.1378565  1913.66510601
 1983.0107712  2053.691683   2125.20967485 2197.05698955 2268.72216531]"
7,"[1.5  1.51 1.52 1.53 1.54 1.55 1.56 1.57 1.58 1.59 1.6  1.61 1.62 1.63
 1.64 1.65 1.66 1.67 1.68 1.69]","[0.07 0.07 0.07 0.07 0.07 0.07 0.07 0.07 0.07 0.07 0.07 0.07 0.07 0.07
 0.07 0.07 0.07 0.07 0.07 0.07]","[1483.96592283 1495.62595492 1512.39732228 1534.17267588 1560.82205411
 1592.19133397 1628.10068706 1668.34316896 1712.68356771 1760.85762842
 1812.57175693 1867.50328773 1925.30138104 1985.588592   2047.96313222
 2112.00182105 2177.26370067 2243.29426579 2309.63023609 2375.80477626]"
8,"[1.5  1.51 1.52 1.53 1.54 1.55 1.56 1.57 1.58 1.59 1.6  1.61 1.62 1.63
 1.64 1.65 1.66 1.67 1.68 1.69]","[0.08 0.08 0.08 0.08 0.08 0.08 0.08 0.08 0.08 0.08 0.08 0.08 0.08 0.08
 0.08 0.08 0.08 0.08 0.08 0.08]","[1642.63301237 1653.52770256 1669.15462739 1689.40856818 1714.16336542
 1743.27076699 1776.55926526 1813.83302722 1854.8710224  1899.42644927
 1947.22655126 1997.97290106 2051.34221573 2106.98774717 2164.54127269
 2223.61568941 2283.80819481 2344.70401354 2405.88060867 2466.91229429]"
9,"[1.5  1.51 1.52 1.53 1.54 1.55 1.56 1.57 1.58 1.59 1.6  1.61 1.62 1.63
 1.64 1.65 1.66 1.67 1.68 1.69]","[0.09 0.09 0.09 0.09 0.09 0.09 0.09 0.09 0.09 0.09 0.09 0.09 0.09 0.09
 0.09 0.09 0.09 0.09 0.09 0.09]","[1784.01405289 1794.10430403 1808.57870929 1827.33501942 1850.25147507
 1877.18597016 1907.97520165 1942.43389007 1980.35415801 2021.5051513
 2065.63298214 2112.46106371 2161.69089319 2213.00332512 2266.06036
 2320.50745463 2375.97634093 2432.08832034 2488.45798057 2544.69726233]"
10,"[1.5  1.51 1.52 1.53 1.54 1.55 1.56 1.57 1.58 1.59 1.6  1.61 1.62 1.63
 1.64 1.65 1.66 1.67 1.68 1.69]","[0.1 0.1 0.1 0.1 0.1 0.1 0.1 0.1 0.1 0.1 0.1 0.1 0.1 0.1 0.1 0.1 0.1 0.1
 0.1 0.1]","[1910.30144015 1919.56989676 1932.90210887 1950.19941279 1971.3449064
 1996.20286251 2024.61813297 2056.41561213 2091.3998312  2129.35475486
 2170.0438471  2213.21046629 2258.57863957 2305.85425364 2354.72668503
 2404.87087663 2455.94985004 2507.61762579 2559.5225058  2611.31065528]"
11,"[1.5  1.51 1.52 1.53 1.54 1.55 1.56 1.57 1.58 1.59 1.6  1.61 1.62 1.63
 1.64 1.65 1.66 1.67 1.68 1.69]","[0.11 0.11 0.11 0.11 0.11 0.11 0.11 0.11 0.11 0.11 0.11 0.11 0.11 0.11
 0.11 0.11 0.11 0.11 0.11 0.11]","[2023.36020068 2031.80584809 2044.01980125 2059.90741836 2079.35698078
 2102.23930411 2128.40734738 2157.69587602 2189.92123718 2224.88130667
 2262.35566348 2302.10604273 2343.87710957 2387.39758614 2432.3817514
 2478.53131993 2525.53769095 2573.08454352 2620.8507386  2668.51347396]"
12,"[1.5  1.51 1.52 1.53 1.54 1.55 1.56 1.57 1.58 1.59 1.6  1.61 1.62 1.63
 1.64 1.65 1.66 1.67 1.68 1.69]","[0.12 0.12 0.12 0.12 0.12 0.12 0.12 0.12 0.12 0.12 0.12 0.12 0.12 0.12
 0.12 0.12 0.12 0.12 0.12 0.12]","[2124.78540954 2132.41945655 2143.54901041 2158.08374252 2175.91732759
 2196.92721038 2220.97437859 2247.90318707 2277.54128114 2309.69966762
 2344.17298007 2380.7399805  2419.16433299 2459.19567611 2500.57101074
 2543.01640806 2586.24902993 2629.97944074 2673.91417711 2717.75852874]"
13,"[1.5  1.51 1.52 1.53 1.54 1.55 1.56 1.57 1.58 1.59 1.6  1.61 1.62 1.63
 1.64 1.65 1.66 1.67 1.68 1.69]","[0.13 0.13 0.13 0.13 0.13 0.13 0.13 0.13 0.13 0.13 0.13 0.13 0.13 0.13
 0.13 0.13 0.13 0.13 0.13 0.13]","[2215.94771759 2222.79042212 2232.87650886 2246.12013706 2262.42048439
 2281.66163533 2303.71248343 2328.42668369 2355.64269411 2385.18394595
 2416.85918098 2450.46299021 2485.77658345 2522.56881156 2560.59745482
 2599.61078081 2639.34936467 2679.54815347 2719.93874561 2760.25184542]"
14,"[1.5  1.51 1.52 1.53 1.54 1.55 1.56 1.57 1.58 1.59 1.6  1.61 1.62 1.63
 1.64 1.65 1.66 1.67 1.68 1.69]","[0.14 0.14 0.14 0.14 0.14 0.14 0.14 0.14 0.14 0.14 0.14 0.14 0.14 0.14
 0.14 0.14 0.14 0.14 0.14 0.14]","[2298.02988345 2304.10808575 2313.196488   2325.21381865 2340.0647838
 2357.64004986 2377.81624663 2400.45601989 2425.40816521 2452.50787509
 2481.57713038 2512.42526421 2544.84972199 2578.63703527 2613.5640197
 2649.39919945 2685.90445119 2722.83685167 2759.95070376 2796.99970699]"
15,"[1.5  1.51 1.52 1.53 1.54 1.55 1.56 1.57 1.58 1.59 1.6  1.61 1.62 1.63
 1.64 1.65 1.66 1.67 1.68 1.69]","[0.15 0.15 0.15 0.15 0.15 0.15 0.15 0.15 0.15 0.15 0.15 0.15 0.15 0.15
 0.15 0.15 0.15 0.15 0.15 0.15]","[2372.05639354 2377.40158953 2385.54120596 2396.39854788 2409.88380645
 2425.89411372 2444.31362298 2465.01363826 2487.85281835 2512.6774812
 2539.3220338  2567.6095502  2597.35251639 2628.35375621 2660.40754606
 2693.30091943 2726.81515486 2760.72743318 2794.81264232 2828.84530081]"
16,"[1.5  1.51 1.52 1.53 1.54 1.55 1.56 1.57 1.58 1.59 1.6  1.61 1.62 1.63
 1.64 1.65 1.66 1.67 1.68 1.69]","[0.16 0.16 0.16 0.16 0.16 0.16 0.16 0.16 0.16 0.16 0.16 0.16 0.16 0.16
 0.16 0.16 0.16 0.16 0.16 0.16]","[2438.91769635 2443.56452929 2450.80602187 2460.57000549 2472.772058
 2487.31561276 2504.09209733 2522.98112039 2543.85072751 2566.55774638
 2590.9482416  2616.85809702 2644.11374055 2672.53302228 2701.92625165
 2732.09739369 2762.84541829 2793.96578998 2825.25207931 2856.49767139]"
17,"[1.5  1.51 1.52 1.53 1.54 1.55 1.56 1.57 1.58 1.59 1.6  1.61 1.62 1.63
 1.64 1.65 1.66 1.67 1.68 1.69]","[0.17 0.17 0.17 0.17 0.17 0.17 0.17 0.17 0.17 0.17 0.17 0.17 0.17 0.17
 0.17 0.17 0.17 0.17 0.17 0.17]","[2499.39018761 2503.37526707 2509.77001002 2518.50667942 2529.50609863
 2542.67780046 2557.92020855 2575.12086607 2594.15672799 2614.89453343
 2637.19127414 2660.89477307 2685.84438493 2711.87182669 2738.80214227
 2766.45480051 2794.64492073 2823.18461468 2851.88442874 2880.5548651 ]"
18,"[1.5  1.51 1.52 1.53 1.54 1.55 1.56 1.57 1.58 1.59 1.6  1.61 1.62 1.63
 1.64 1.65 1.66 1.67 1.68 1.69]","[0.18 0.18 0.18 0.18 0.18 0.18 0.18 0.18 0.18 0.18 0.18 0.18 0.18 0.18
 0.18 0.18 0.18 0.18 0.18 0.18]","[2554.15280545 2557.51378496 2563.11305327 2570.88717675 2580.76205077
 2592.65307741 2606.46537711 2622.09404623 2639.42447356 2658.3327287
 2678.68603502 2700.34333803 2723.15597835 2746.96847522 2771.61942315
 2796.94250042 2822.76758393 2848.92196055 2875.23162072 2901.52261646]"
19,"[1.5  1.51 1.52 1.53 1.54 1.55 1.56 1.57 1.58 1.59 1.6  1.61 1.62 1.63
 1.64 1.65 1.66 1.67 1.68 1.69]","[0.19 0.19 0.19 0.19 0.19 0.19 0.19 0.19 0.19 0.19 0.19 0.19 0.19 0.19
 0.19 0.19 0.19 0.19 0.19 0.19]","[2603.80089456 2606.57575462 2611.43010403 2618.30465983 2627.1301926
 2637.82772353 2650.30875642 2664.47555393 2680.22146838 2697.43133732
 2715.98195365 2735.74261883 2756.57578593 2778.33779688 2800.87971537
 2824.04825374 2847.68678848 2871.63645574 2895.7373144  2919.82956131]"
