,Theta,Input Phase Function
0,20.0,164.05703243656265
1,20.5,142.8107466852404
2,21.0,138.6424649112606
3,21.5,136.2356009937407
4,22.0,133.57640039173685
5,22.5,125.20905859794357
6,23.0,121.67036692265891
7,23.5,101.1398568238634
8,24.0,106.73935539888839
9,24.5,104.03066276235015
10,25.0,91.74468880694236
11,25.5,85.76601942847958
12,26.0,87.37105837955224
13,26.5,79.07555841789069
14,27.0,78.03894311936288
15,27.5,66.90602876342466
16,28.0,67.97859513465437
17,28.5,59.58603319352612
18,29.0,61.06118845986213
19,29.5,54.55146917264118
20,30.0,49.06686895246084
21,30.5,52.234988141688106
22,31.0,46.78906645377259
23,31.5,40.877870694423876
24,32.0,42.63429049011661
25,32.5,36.67693293048039
26,33.0,33.158163029485266
27,33.5,31.999813625455563
28,34.0,30.120952526337604
29,34.5,29.05259747132791
30,35.0,28.02900324022209
31,35.5,24.81549661606564
32,36.0,20.512431152656788
33,36.5,21.146714558218886
34,37.0,18.619710263453097
35,37.5,17.71209918824069
36,38.0,17.14138191604034
37,38.5,18.320720894324065
38,39.0,15.247620925089834
39,39.5,15.722950463598309
40,40.0,14.686292112551081
41,40.5,13.143655123914387
42,41.0,13.19456648356338
43,41.5,12.94511762079204
44,42.0,13.134331891420315
45,42.5,12.202069133049953
46,43.0,12.724100283813291
47,43.5,13.728849163015862
48,44.0,13.553101850292213
49,44.5,12.632434389048008
50,45.0,11.907576807865853
51,45.5,11.532275977273233
52,46.0,12.262238958450075
53,46.5,13.056497865624454
54,47.0,12.249253528991503
55,47.5,13.519587744942868
56,48.0,12.800530534470095
57,48.5,12.921096404070427
58,49.0,13.004597983792257
59,49.5,13.980887309716293
60,50.0,14.061432746493969
61,50.5,14.08889150777012
62,51.0,15.319893189584059
63,51.5,14.987817728038602
64,52.0,13.938901110695083
65,52.5,14.722450405086029
66,53.0,16.84242677879068
67,53.5,15.936565381722323
68,54.0,15.596731382791383
69,54.5,13.951557178308068
70,55.0,17.250817212576692
71,55.5,15.926268435251295
72,56.0,15.888223839605429
73,56.5,17.017586238990102
74,57.0,17.038697628456212
75,57.5,15.945756203659013
76,58.0,14.474846600784883
77,58.5,18.008690608763395
78,59.0,17.920916622267683
79,59.5,16.220977943143836
80,60.0,15.657374377359663
81,60.5,14.828455991706745
82,61.0,15.403826801142245
83,61.5,14.636888214882433
84,62.0,17.04907154011712
85,62.5,15.073010069485923
86,63.0,14.66013238307888
87,63.5,13.459001254095961
88,64.0,13.765821169102383
89,64.5,12.591678434873055
90,65.0,12.51000695150271
91,65.5,11.987025567063542
92,66.0,14.305762636726833
93,66.5,12.069839234548255
94,67.0,12.167404665358799
95,67.5,10.993325620525788
96,68.0,11.532838156969857
97,68.5,11.2246980586034
98,69.0,9.912720547356628
99,69.5,10.058678994739951
100,70.0,10.461116145972206
101,70.5,9.555423521601565
102,71.0,8.406009202654118
103,71.5,8.616521563031977
104,72.0,9.002461932873974
105,72.5,8.523574627786326
106,73.0,8.603162100048044
107,73.5,8.531615932146188
108,74.0,6.894768227696505
109,74.5,7.409997024388174
110,75.0,6.555100288764331
111,75.5,6.310148098149873
112,76.0,6.0487036349500825
113,76.5,6.403335846502798
114,77.0,5.742015587433865
115,77.5,5.591527379070548
116,78.0,5.6349036760681495
117,78.5,4.603565198040484
118,79.0,5.1907453148585025
119,79.5,5.262680190852734
120,80.0,4.147205832878829
121,80.5,4.516349996304273
122,81.0,4.608274927368967
123,81.5,4.255670152331958
124,82.0,4.084531851934669
125,82.5,4.404456310290905
126,83.0,3.9476234265191037
127,83.5,4.0538918092009055
128,84.0,3.997150384532958
129,84.5,4.13296316531362
130,85.0,3.9252189248493004
131,85.5,3.6602858278842514
132,86.0,3.7291630541954204
133,86.5,4.112293386915111
134,87.0,3.862518339551098
135,87.5,3.9114727575341144
136,88.0,3.685718458077891
137,88.5,3.6842263091115406
138,89.0,4.062796452501064
139,89.5,4.020218589984799
140,90.0,4.032274326357039
141,90.5,4.405322087072144
142,91.0,4.084535890666821
143,91.5,4.07003227709257
144,92.0,4.343829355470656
145,92.5,4.192082039421115
146,93.0,4.373204097331868
147,93.5,4.41476872935368
148,94.0,4.33410521637808
149,94.5,3.911171253243231
150,95.0,4.318880343711175
151,95.5,4.0824931014319565
152,96.0,4.38559833571465
153,96.5,4.236772332310043
154,97.0,4.204254481058594
155,97.5,4.428670503243265
156,98.0,4.51782246758211
157,98.5,4.690844733819587
158,99.0,4.309632524836371
159,99.5,4.442462932191855
160,100.0,4.707006328827786
161,100.5,4.176853064524061
162,101.0,4.4177609427807
163,101.5,4.053875812932423
164,102.0,4.07660124445742
165,102.5,4.119366501209389
166,103.0,4.190899524540391
167,103.5,4.031403512339369
168,104.0,4.160039747912838
169,104.5,3.7770108816093164
170,105.0,4.2809418405673885
171,105.5,3.7823846925212234
172,106.0,3.0923917170251887
173,106.5,3.7386952521028403
174,107.0,3.2011764297629166
175,107.5,3.068999961843009
176,108.0,3.1049139593420545
177,108.5,3.0459464035718984
178,109.0,2.9309031480115184
179,109.5,3.1142877845448407
180,110.0,2.6135872426606195
181,110.5,2.6508780044461457
182,111.0,2.619634699257076
183,111.5,2.3193695552461833
184,112.0,2.1722686264980697
185,112.5,2.116854012297117
186,113.0,2.203797226051491
187,113.5,2.0461735770753036
188,114.0,2.2558245949982765
189,114.5,2.025395767050202
190,115.0,1.8331270884629578
191,115.5,1.7892132986147133
192,116.0,1.8978716365490325
193,116.5,1.653376535016439
194,117.0,1.6323589042143773
195,117.5,1.6902158978195605
196,118.0,1.5930148582280261
197,118.5,1.71913893544181
198,119.0,1.6266626443927732
199,119.5,1.646378716343443
200,120.0,1.7608524206308207
201,120.5,1.6772225324645351
202,121.0,1.9383465822967696
203,121.5,1.7735203228726601
204,122.0,1.893933481785883
205,122.5,1.8083389771732166
206,123.0,1.998544195661092
207,123.5,2.091135332045483
208,124.0,2.4551630100659554
209,124.5,2.55458748217779
210,125.0,2.607632707025072
211,125.5,2.563012872930924
212,126.0,2.5820061013642466
213,126.5,2.746683634922071
214,127.0,3.1152107311036996
215,127.5,3.333849181773811
216,128.0,3.266879549662344
217,128.5,3.5760333809978455
218,129.0,3.4689448707212596
219,129.5,4.07183619357416
220,130.0,3.756483745602969
221,130.5,3.8679033347749336
222,131.0,4.420285045863998
223,131.5,4.756399867123807
224,132.0,4.147246103100014
225,132.5,4.693731373136706
226,133.0,4.870634766211884
227,133.5,5.150707315860316
228,134.0,5.354353910028321
229,134.5,4.924564744716993
230,135.0,4.9881590594641985
231,135.5,5.660259117569545
232,136.0,5.6813583731436745
233,136.5,5.213648553258172
234,137.0,5.41552907161987
235,137.5,5.52760393661415
236,138.0,5.977466030239103
237,138.5,6.070031162598728
238,139.0,6.401314090950136
239,139.5,6.690026014336686
240,140.0,6.5146067987665575
241,140.5,6.1520201201374
242,141.0,6.5945633232984475
243,141.5,6.297660778113265
244,142.0,5.907126333497692
245,142.5,5.89070381977815
246,143.0,6.326868342026986
247,143.5,6.169027480885032
248,144.0,6.171902278050391
249,144.5,6.684376307802545
250,145.0,5.965225204012428
251,145.5,6.5184356641614
252,146.0,6.651555514327254
253,146.5,6.556313719460887
254,147.0,6.640352509471516
255,147.5,6.404098357726963
256,148.0,5.7163735456828055
257,148.5,5.865745016612375
258,149.0,5.754927089360727
259,149.5,6.726750889569265
260,150.0,5.795888924123647
261,150.5,5.767169145128875
262,151.0,6.614707842069899
263,151.5,5.967266459432317
264,152.0,6.0826908100700505
265,152.5,5.8180041382802345
266,153.0,5.832720429615539
267,153.5,5.888215714166445
268,154.0,5.5151043653480984
269,154.5,6.166102606900722
270,155.0,5.577826649304814
271,155.5,5.58993458090523
272,156.0,5.5015943516198655
273,156.5,5.797029394385237
274,157.0,5.828711635417547
275,157.5,5.641230610591188
276,158.0,5.9639614131925605
277,158.5,5.321581767965448
278,159.0,5.8223355204841925
279,159.5,6.311090569261142
280,160.0,5.72460260450357
