,n space,k space,Chi Square Statistic
0,"[1.5  1.51 1.52 1.53 1.54 1.55 1.56 1.57 1.58 1.59 1.6  1.61 1.62 1.63
 1.64 1.65 1.66 1.67 1.68 1.69]",[0. 0. 0. 0. 0. 0. 0. 0. 0. 0. 0. 0. 0. 0. 0. 0. 0. 0. 0. 0.],"[1032.43574273  942.71347972  856.73252162  777.20212536  712.02593268
  656.52753342  605.29766562  564.07269728  541.05492933  534.83322492
  554.27507174  595.18160223  669.74086002  779.32793376  898.74986725
 1026.58336904 1154.49628207 1282.02693397 1408.18972933 1531.79485816]"
1,"[1.5  1.51 1.52 1.53 1.54 1.55 1.56 1.57 1.58 1.59 1.6  1.61 1.62 1.63
 1.64 1.65 1.66 1.67 1.68 1.69]","[0.01 0.01 0.01 0.01 0.01 0.01 0.01 0.01 0.01 0.01 0.01 0.01 0.01 0.01
 0.01 0.01 0.01 0.01 0.01 0.01]","[ 997.53858851  925.21241468  858.21778355  794.44263642  733.49294218
  685.50251008  644.8895392   616.97469969  610.03988771  619.06573649
  653.03311312  717.36448273  809.11765507  907.78392058 1014.64788164
 1124.33739994 1235.75627891 1348.36392727 1461.18462423 1572.48429998]"
2,"[1.5  1.51 1.52 1.53 1.54 1.55 1.56 1.57 1.58 1.59 1.6  1.61 1.62 1.63
 1.64 1.65 1.66 1.67 1.68 1.69]","[0.02 0.02 0.02 0.02 0.02 0.02 0.02 0.02 0.02 0.02 0.02 0.02 0.02 0.02
 0.02 0.02 0.02 0.02 0.02 0.02]","[1023.34207248  966.16018855  915.14063985  867.13222337  823.27909724
  791.10766034  772.88766572  766.10418746  778.48986119  813.7190244
  875.77877643  953.45708087 1037.90697385 1129.87369859 1224.56173595
 1321.49723785 1420.23058386 1519.90061155 1619.8562708  1719.27392803]"
3,"[1.5  1.51 1.52 1.53 1.54 1.55 1.56 1.57 1.58 1.59 1.6  1.61 1.62 1.63
 1.64 1.65 1.66 1.67 1.68 1.69]","[0.03 0.03 0.03 0.03 0.03 0.03 0.03 0.03 0.03 0.03 0.03 0.03 0.03 0.03
 0.03 0.03 0.03 0.03 0.03 0.03]","[1084.16043933 1042.69885807 1006.33912093  976.70179786  956.06782319
  942.16466597  943.9020569   959.51036843  996.88687744 1053.21225561
 1117.89563477 1190.25386087 1269.75746383 1352.92900441 1439.00050265
 1527.44644196 1617.68809708 1708.93673793 1800.49847533 1891.7176197 ]"
4,"[1.5  1.51 1.52 1.53 1.54 1.55 1.56 1.57 1.58 1.59 1.6  1.61 1.62 1.63
 1.64 1.65 1.66 1.67 1.68 1.69]","[0.04 0.04 0.04 0.04 0.04 0.04 0.04 0.04 0.04 0.04 0.04 0.04 0.04 0.04
 0.04 0.04 0.04 0.04 0.04 0.04]","[1169.01332571 1145.21028379 1124.38504707 1108.6019907  1107.40003071
 1114.35498284 1138.13768556 1175.54844621 1226.23826039 1281.67660169
 1345.52327559 1414.81828548 1487.83232303 1564.0658592  1643.01804841
 1724.2563819  1807.07374705 1890.95470463 1975.30387882 2059.70834401]"
5,"[1.5  1.51 1.52 1.53 1.54 1.55 1.56 1.57 1.58 1.59 1.6  1.61 1.62 1.63
 1.64 1.65 1.66 1.67 1.68 1.69]","[0.05 0.05 0.05 0.05 0.05 0.05 0.05 0.05 0.05 0.05 0.05 0.05 0.05 0.05
 0.05 0.05 0.05 0.05 0.05 0.05]","[1278.1849727  1266.73215138 1262.62100452 1263.62470918 1278.93134772
 1303.69157466 1339.99033006 1382.44916642 1430.00273243 1486.15793618
 1546.52520659 1610.75942005 1678.43019298 1749.06052077 1822.16727876
 1897.24114983 1973.75148518 2051.15185406 2128.9921484  2206.67861133]"
6,"[1.5  1.51 1.52 1.53 1.54 1.55 1.56 1.57 1.58 1.59 1.6  1.61 1.62 1.63
 1.64 1.65 1.66 1.67 1.68 1.69]","[0.06 0.06 0.06 0.06 0.06 0.06 0.06 0.06 0.06 0.06 0.06 0.06 0.06 0.06
 0.06 0.06 0.06 0.06 0.06 0.06]","[1412.75499073 1411.69054263 1419.16673292 1435.22942289 1459.09301633
 1489.45089231 1524.47346588 1566.2854628  1614.11397412 1666.12482897
 1722.00089345 1781.39207806 1843.91641135 1909.16189431 1976.73979369
 2046.14710137 2116.88944392 2188.46813473 2260.37492828 2332.09791923]"
7,"[1.5  1.51 1.52 1.53 1.54 1.55 1.56 1.57 1.58 1.59 1.6  1.61 1.62 1.63
 1.64 1.65 1.66 1.67 1.68 1.69]","[0.07 0.07 0.07 0.07 0.07 0.07 0.07 0.07 0.07 0.07 0.07 0.07 0.07 0.07
 0.07 0.07 0.07 0.07 0.07 0.07]","[1561.98470355 1568.45454676 1582.71318648 1601.96005081 1625.79680655
 1655.21537179 1691.12472488 1731.36720678 1775.70760553 1823.88166624
 1875.59579475 1930.52732555 1988.32541886 2048.61262982 2110.98717003
 2175.02585887 2240.2962764  2306.38302067 2372.77412951 2439.00236869]"
8,"[1.5  1.51 1.52 1.53 1.54 1.55 1.56 1.57 1.58 1.59 1.6  1.61 1.62 1.63
 1.64 1.65 1.66 1.67 1.68 1.69]","[0.08 0.08 0.08 0.08 0.08 0.08 0.08 0.08 0.08 0.08 0.08 0.08 0.08 0.08
 0.08 0.08 0.08 0.08 0.08 0.08]","[1710.35818106 1719.50442943 1733.09342205 1752.432606   1777.18740324
 1806.29480481 1839.58330308 1876.85706503 1917.89506021 1962.45048708
 2010.25058908 2060.99693888 2114.36625355 2170.01178499 2227.56531051
 2286.63972723 2346.83223263 2407.72805135 2468.90464649 2529.95602111]"
9,"[1.5  1.51 1.52 1.53 1.54 1.55 1.56 1.57 1.58 1.59 1.6  1.61 1.62 1.63
 1.64 1.65 1.66 1.67 1.68 1.69]","[0.09 0.09 0.09 0.09 0.09 0.09 0.09 0.09 0.09 0.09 0.09 0.09 0.09 0.09
 0.09 0.09 0.09 0.09 0.09 0.09]","[1847.0380907  1857.12834185 1871.6027471  1890.35905723 1913.27551288
 1940.21000798 1970.99923946 2005.45792789 2043.37819583 2084.52918911
 2128.65701995 2175.48510152 2224.71493101 2276.02736293 2329.08439782
 2383.53149245 2439.00037875 2495.11235815 2551.48201839 2607.72130015]"
10,"[1.5  1.51 1.52 1.53 1.54 1.55 1.56 1.57 1.58 1.59 1.6  1.61 1.62 1.63
 1.64 1.65 1.66 1.67 1.68 1.69]","[0.1 0.1 0.1 0.1 0.1 0.1 0.1 0.1 0.1 0.1 0.1 0.1 0.1 0.1 0.1 0.1 0.1 0.1
 0.1 0.1]","[1973.32547797 1982.59393457 1995.92614668 2013.22345061 2034.36894422
 2059.22690033 2087.64217079 2119.43964994 2154.42386901 2192.37879268
 2233.06788491 2276.23450411 2321.60267739 2368.87829145 2417.75072284
 2467.89491445 2518.97388785 2570.6416636  2622.54654361 2674.3346931 ]"
11,"[1.5  1.51 1.52 1.53 1.54 1.55 1.56 1.57 1.58 1.59 1.6  1.61 1.62 1.63
 1.64 1.65 1.66 1.67 1.68 1.69]","[0.11 0.11 0.11 0.11 0.11 0.11 0.11 0.11 0.11 0.11 0.11 0.11 0.11 0.11
 0.11 0.11 0.11 0.11 0.11 0.11]","[2086.38423849 2094.82988591 2107.04383907 2122.93145618 2142.3810186
 2165.26334192 2191.4313852  2220.71991383 2252.945275   2287.90534449
 2325.3797013  2365.13008054 2406.90114738 2450.42162396 2495.40578922
 2541.55535774 2588.56172876 2636.10858133 2683.87477641 2731.53751177]"
12,"[1.5  1.51 1.52 1.53 1.54 1.55 1.56 1.57 1.58 1.59 1.6  1.61 1.62 1.63
 1.64 1.65 1.66 1.67 1.68 1.69]","[0.12 0.12 0.12 0.12 0.12 0.12 0.12 0.12 0.12 0.12 0.12 0.12 0.12 0.12
 0.12 0.12 0.12 0.12 0.12 0.12]","[2187.80944735 2195.44349437 2206.57304822 2221.10778033 2238.94136541
 2259.95124819 2283.9984164  2310.92722488 2340.56531895 2372.72370543
 2407.19701788 2443.76401832 2482.18837081 2522.21971392 2563.59504855
 2606.04044588 2649.27306774 2693.00347856 2736.93821492 2780.78256656]"
13,"[1.5  1.51 1.52 1.53 1.54 1.55 1.56 1.57 1.58 1.59 1.6  1.61 1.62 1.63
 1.64 1.65 1.66 1.67 1.68 1.69]","[0.13 0.13 0.13 0.13 0.13 0.13 0.13 0.13 0.13 0.13 0.13 0.13 0.13 0.13
 0.13 0.13 0.13 0.13 0.13 0.13]","[2278.97175541 2285.81445994 2295.90054668 2309.14417488 2325.4445222
 2344.68567314 2366.73652124 2391.45072151 2418.66673193 2448.20798377
 2479.88321879 2513.48702803 2548.80062127 2585.59284938 2623.62149264
 2662.63481863 2702.37340248 2742.57219129 2782.96278342 2823.27588323]"
14,"[1.5  1.51 1.52 1.53 1.54 1.55 1.56 1.57 1.58 1.59 1.6  1.61 1.62 1.63
 1.64 1.65 1.66 1.67 1.68 1.69]","[0.14 0.14 0.14 0.14 0.14 0.14 0.14 0.14 0.14 0.14 0.14 0.14 0.14 0.14
 0.14 0.14 0.14 0.14 0.14 0.14]","[2361.05392127 2367.13212356 2376.22052582 2388.23785647 2403.08882161
 2420.66408767 2440.84028445 2463.48005771 2488.43220303 2515.53191291
 2544.6011682  2575.44930202 2607.87375981 2641.66107309 2676.58805751
 2712.42323727 2748.92848901 2785.86088949 2822.97474157 2860.0237448 ]"
15,"[1.5  1.51 1.52 1.53 1.54 1.55 1.56 1.57 1.58 1.59 1.6  1.61 1.62 1.63
 1.64 1.65 1.66 1.67 1.68 1.69]","[0.15 0.15 0.15 0.15 0.15 0.15 0.15 0.15 0.15 0.15 0.15 0.15 0.15 0.15
 0.15 0.15 0.15 0.15 0.15 0.15]","[2435.08043135 2440.42562735 2448.56524377 2459.42258569 2472.90784427
 2488.91815153 2507.33766079 2528.03767608 2550.87685617 2575.70151901
 2602.34607162 2630.63358802 2660.3765542  2691.37779402 2723.43158387
 2756.32495724 2789.83919267 2823.75147099 2857.83668014 2891.86933863]"
16,"[1.5  1.51 1.52 1.53 1.54 1.55 1.56 1.57 1.58 1.59 1.6  1.61 1.62 1.63
 1.64 1.65 1.66 1.67 1.68 1.69]","[0.16 0.16 0.16 0.16 0.16 0.16 0.16 0.16 0.16 0.16 0.16 0.16 0.16 0.16
 0.16 0.16 0.16 0.16 0.16 0.16]","[2501.94173416 2506.5885671  2513.83005969 2523.59404331 2535.79609581
 2550.33965057 2567.11613514 2586.00515821 2606.87476533 2629.5817842
 2653.97227942 2679.88213484 2707.13777837 2735.5570601  2764.95028947
 2795.1214315  2825.86945611 2856.98982779 2888.27611713 2919.5217092 ]"
17,"[1.5  1.51 1.52 1.53 1.54 1.55 1.56 1.57 1.58 1.59 1.6  1.61 1.62 1.63
 1.64 1.65 1.66 1.67 1.68 1.69]","[0.17 0.17 0.17 0.17 0.17 0.17 0.17 0.17 0.17 0.17 0.17 0.17 0.17 0.17
 0.17 0.17 0.17 0.17 0.17 0.17]","[2562.41422542 2566.39930489 2572.79404783 2581.53071724 2592.53013645
 2605.70183827 2620.94424636 2638.14490389 2657.1807658  2677.91857125
 2700.21531196 2723.91881089 2748.86842274 2774.8958645  2801.82618008
 2829.47883833 2857.66895855 2886.2086525  2914.90846655 2943.57890292]"
18,"[1.5  1.51 1.52 1.53 1.54 1.55 1.56 1.57 1.58 1.59 1.6  1.61 1.62 1.63
 1.64 1.65 1.66 1.67 1.68 1.69]","[0.18 0.18 0.18 0.18 0.18 0.18 0.18 0.18 0.18 0.18 0.18 0.18 0.18 0.18
 0.18 0.18 0.18 0.18 0.18 0.18]","[2617.17684326 2620.53782277 2626.13709109 2633.91121456 2643.78608858
 2655.67711523 2669.48941493 2685.11808405 2702.44851137 2721.35676652
 2741.71007284 2763.36737584 2786.18001616 2809.99251304 2834.64346097
 2859.96653823 2885.79162175 2911.94599836 2938.25565854 2964.54665427]"
19,"[1.5  1.51 1.52 1.53 1.54 1.55 1.56 1.57 1.58 1.59 1.6  1.61 1.62 1.63
 1.64 1.65 1.66 1.67 1.68 1.69]","[0.19 0.19 0.19 0.19 0.19 0.19 0.19 0.19 0.19 0.19 0.19 0.19 0.19 0.19
 0.19 0.19 0.19 0.19 0.19 0.19]","[2666.82493238 2669.59979244 2674.45414184 2681.32869765 2690.15423041
 2700.85176134 2713.33279423 2727.49959174 2743.24550619 2760.45537514
 2779.00599147 2798.76665665 2819.59982375 2841.36183469 2863.90375319
 2887.07229155 2910.7108263  2934.66049356 2958.76135221 2982.85359912]"
