,Theta,Input Phase Function
0,20.0,178.82727939186177
1,20.5,186.9609963338364
2,21.0,165.53832342214628
3,21.5,135.6169859510149
4,22.0,119.71283456052068
5,22.5,109.20472020774315
6,23.0,125.68132893776496
7,23.5,136.40315765411827
8,24.0,91.71268453567473
9,24.5,92.12537225428893
10,25.0,104.4974953919479
11,25.5,89.67496446895206
12,26.0,67.05244004400609
13,26.5,99.04989404025336
14,27.0,76.31883964695105
15,27.5,101.66393564940383
16,28.0,60.718582745115036
17,28.5,60.22227042743897
18,29.0,62.864574321802465
19,29.5,47.21276798596024
20,30.0,44.00750298015058
21,30.5,46.76136991374138
22,31.0,48.07499041262045
23,31.5,52.6130658250997
24,32.0,35.15533852212021
25,32.5,32.330817885995174
26,33.0,43.31750876077409
27,33.5,33.46958891057234
28,34.0,36.507863097324254
29,34.5,27.444811433994342
30,35.0,24.654087753727392
31,35.5,20.844276570767352
32,36.0,20.996791929929316
33,36.5,19.132075803840998
34,37.0,16.328786402859215
35,37.5,16.829379252890924
36,38.0,19.59475331582343
37,38.5,18.087392095406265
38,39.0,20.575897416875872
39,39.5,16.752769467646214
40,40.0,14.185881630796779
41,40.5,15.237803196252864
42,41.0,12.65707156468987
43,41.5,12.047256000635706
44,42.0,12.317296649031494
45,42.5,15.86838704983634
46,43.0,10.455368468269253
47,43.5,8.386828181742542
48,44.0,11.171546406946952
49,44.5,11.204300084531566
50,45.0,8.241742294751296
51,45.5,12.193712008136208
52,46.0,9.736812794424074
53,46.5,15.124099495547334
54,47.0,16.250266071147326
55,47.5,10.546744909184849
56,48.0,12.681958197964358
57,48.5,12.36206992944765
58,49.0,14.256822676256371
59,49.5,15.307336525738469
60,50.0,12.536414713642678
61,50.5,16.89223577849935
62,51.0,14.752054960843372
63,51.5,14.769352056718683
64,52.0,16.021199469559974
65,52.5,18.290023689277284
66,53.0,15.227363672876619
67,53.5,16.375203969050755
68,54.0,12.237429100757549
69,54.5,11.701584045947696
70,55.0,17.990696214966643
71,55.5,18.213382370034164
72,56.0,15.466789013356413
73,56.5,12.9783515511652
74,57.0,11.42402805100754
75,57.5,15.964229490301621
76,58.0,12.934731327981318
77,58.5,16.47367340621754
78,59.0,15.357251924701515
79,59.5,17.424055943729776
80,60.0,11.492856902597516
81,60.5,16.633702968359323
82,61.0,13.414019591689293
83,61.5,13.747593328760832
84,62.0,13.43476547316017
85,62.5,14.70387483458634
86,63.0,12.45206673993147
87,63.5,13.295973605755874
88,64.0,13.348287197247053
89,64.5,12.763148738789463
90,65.0,11.83493957411837
91,65.5,13.33078685057936
92,66.0,11.561439465733857
93,66.5,12.33072868798485
94,67.0,11.53535706753816
95,67.5,12.003761701280148
96,68.0,9.036205319873966
97,68.5,12.091257613173472
98,69.0,10.524935292360146
99,69.5,8.123495612077125
100,70.0,8.122408340711926
101,70.5,9.30964690483416
102,71.0,8.437604725913687
103,71.5,8.529004713541545
104,72.0,8.568349444283228
105,72.5,10.683096336649696
106,73.0,6.098038208694382
107,73.5,5.731644443805702
108,74.0,7.1226410567370175
109,74.5,8.225735266193393
110,75.0,7.670364729781097
111,75.5,5.290381170385225
112,76.0,7.92098834535275
113,76.5,3.492705176709404
114,77.0,5.799036943293
115,77.5,5.73431422848162
116,78.0,6.334662846301709
117,78.5,5.908330319711974
118,79.0,4.366843745811705
119,79.5,4.360039110177887
120,80.0,5.618065355987633
121,80.5,4.08605867648997
122,81.0,4.559414772656692
123,81.5,4.501325537097392
124,82.0,3.3088905570701606
125,82.5,3.722125016727541
126,83.0,4.231746706359227
127,83.5,3.9065952410157014
128,84.0,3.941084787965252
129,84.5,4.636533339093386
130,85.0,3.0900269977270582
131,85.5,3.9598401784914206
132,86.0,3.4459343042365695
133,86.5,4.8566510452274
134,87.0,4.227556332633862
135,87.5,3.8415635223013833
136,88.0,3.863751502853019
137,88.5,3.826812505127352
138,89.0,4.591822207937837
139,89.5,3.5939525106575783
140,90.0,4.286667527071816
141,90.5,3.69411660812401
142,91.0,3.880387296355764
143,91.5,4.040246445052404
144,92.0,4.238724939951684
145,92.5,3.4175903627071644
146,93.0,3.72915858696672
147,93.5,3.8391542155711273
148,94.0,4.441910871536033
149,94.5,3.60923395293369
150,95.0,4.594317398999671
151,95.5,4.0980470016067345
152,96.0,4.093947210259783
153,96.5,3.2149972014985337
154,97.0,3.5755763743707916
155,97.5,3.835810172351021
156,98.0,5.001098227553303
157,98.5,4.970239265816907
158,99.0,3.8714975481795006
159,99.5,4.099638310644047
160,100.0,3.4289824584615043
161,100.5,5.464088553718921
162,101.0,4.808503141986823
163,101.5,3.981732969214124
164,102.0,3.553756821937
165,102.5,4.304923406882609
166,103.0,4.3382284965635804
167,103.5,3.063262985153328
168,104.0,4.677518828339121
169,104.5,2.9057862022398115
170,105.0,3.8017573709505825
171,105.5,3.737683461871804
172,106.0,3.002810548215707
173,106.5,3.3271304129016332
174,107.0,3.5762154396193715
175,107.5,3.3339634608660296
176,108.0,3.029710226752579
177,108.5,3.0413909923862845
178,109.0,2.655003024294642
179,109.5,2.8160627821856874
180,110.0,2.2854287883835203
181,110.5,2.2526442224355017
182,111.0,1.9336679637205116
183,111.5,2.5635302467108874
184,112.0,2.700078594105932
185,112.5,2.1750983459212856
186,113.0,1.9040274790120895
187,113.5,2.0254596269909673
188,114.0,2.3922976522108916
189,114.5,2.086603010585535
190,115.0,1.476573257507586
191,115.5,1.9366721976138044
192,116.0,2.041493297691926
193,116.5,2.068203426270247
194,117.0,1.3806519048354156
195,117.5,1.7806842241142709
196,118.0,1.81674054635005
197,118.5,1.6969978037244384
198,119.0,0.9925217140340742
199,119.5,2.1463559583321876
200,120.0,1.681683439379415
201,120.5,1.7589262041996907
202,121.0,2.6489100512371824
203,121.5,2.155458214575189
204,122.0,2.2920033008053333
205,122.5,1.6265776443916116
206,123.0,1.8931801869880418
207,123.5,1.9896311590022835
208,124.0,1.873315440886459
209,124.5,1.8197724591178746
210,125.0,2.0230671886830525
211,125.5,2.90379938512946
212,126.0,2.6697511828754266
213,126.5,3.568018203020716
214,127.0,2.7043032771468307
215,127.5,2.838520589698082
216,128.0,2.2488675648448795
217,128.5,3.2049492699991213
218,129.0,3.7962685175846724
219,129.5,2.682585542986758
220,130.0,4.007624782346879
221,130.5,4.559497900005917
222,131.0,4.15467332476785
223,131.5,4.056817782297206
224,132.0,5.962753167657687
225,132.5,4.825387688461116
226,133.0,5.914777329153981
227,133.5,4.957724303282841
228,134.0,4.541399031483296
229,134.5,5.949582719296312
230,135.0,5.719288996536422
231,135.5,4.831841706427238
232,136.0,4.738597885901262
233,136.5,5.8191762278109165
234,137.0,7.288367325528471
235,137.5,5.743322944299509
236,138.0,5.975582202244403
237,138.5,7.288487292245065
238,139.0,5.15990789907935
239,139.5,6.154360783891995
240,140.0,5.905097442257774
241,140.5,4.368262109626253
242,141.0,5.902891794552105
243,141.5,7.2103965444011315
244,142.0,7.23227989794502
245,142.5,6.141449698082603
246,143.0,6.4943963388015655
247,143.5,7.191568252880415
248,144.0,6.380552277593151
249,144.5,5.865315103000517
250,145.0,7.216679671792648
251,145.5,6.6961914122153345
252,146.0,6.928271727064791
253,146.5,6.592718575643795
254,147.0,6.852235369838924
255,147.5,5.846176411856993
256,148.0,5.722593408648036
257,148.5,6.527225022523481
258,149.0,4.895793563382716
259,149.5,7.681756836084992
260,150.0,7.442566191398986
261,150.5,6.6653418663725486
262,151.0,5.99269100766351
263,151.5,4.966688355193865
264,152.0,5.7280591910869925
265,152.5,7.013077248225147
266,153.0,6.679632063784087
267,153.5,6.152444323784084
268,154.0,5.330716442863701
269,154.5,5.508624056742549
270,155.0,5.8145992346957645
271,155.5,6.712650178785102
272,156.0,5.916431680050186
273,156.5,4.88905065796245
274,157.0,5.205506169178122
275,157.5,4.541256739108115
276,158.0,5.405476317992093
277,158.5,6.7190897743506675
278,159.0,5.539137151665929
279,159.5,5.9170318763555905
280,160.0,5.459577787793092
