,n space,k space,Chi Square Statistic
0,"[1.5  1.51 1.52 1.53 1.54 1.55 1.56 1.57 1.58 1.59 1.6  1.61 1.62 1.63
 1.64 1.65 1.66 1.67 1.68 1.69]",[0. 0. 0. 0. 0. 0. 0. 0. 0. 0. 0. 0. 0. 0. 0. 0. 0. 0. 0. 0.],"[2929.44667892 2746.1001783  2523.97299935 2263.69346662 1971.63855224
 1653.24413916 1315.45671474  983.96375695  714.49062831  639.60799265
  791.52557332 1109.39208754 1610.50841325 2155.50799715 2714.85630866
 3283.73065333 3857.8266784  4433.3104684  5006.28227383 5572.75118312]"
1,"[1.5  1.51 1.52 1.53 1.54 1.55 1.56 1.57 1.58 1.59 1.6  1.61 1.62 1.63
 1.64 1.65 1.66 1.67 1.68 1.69]","[0.01 0.01 0.01 0.01 0.01 0.01 0.01 0.01 0.01 0.01 0.01 0.01 0.01 0.01
 0.01 0.01 0.01 0.01 0.01 0.01]","[2215.34079155 2054.6170359  1863.63175931 1656.99599306 1425.48890313
 1195.32621782 1003.18019634  926.65468698  980.17400568 1125.4901705
 1424.1440682  1811.82749616 2224.76047092 2656.93917714 3112.03836627
 3595.72428849 4096.65797984 4605.62404092 5115.26113391 5621.50381029]"
2,"[1.5  1.51 1.52 1.53 1.54 1.55 1.56 1.57 1.58 1.59 1.6  1.61 1.62 1.63
 1.64 1.65 1.66 1.67 1.68 1.69]","[0.02 0.02 0.02 0.02 0.02 0.02 0.02 0.02 0.02 0.02 0.02 0.02 0.02 0.02
 0.02 0.02 0.02 0.02 0.02 0.02]","[1697.21233354 1584.33076493 1464.48170519 1351.42119641 1278.49000374
 1257.53933617 1301.60056428 1404.59363804 1618.93191791 1916.85643904
 2252.69989145 2610.57485411 2985.78915514 3374.91032606 3774.40186827
 4181.08791047 4592.83125675 5008.71792847 5435.7698613  5878.88235184]"
3,"[1.5  1.51 1.52 1.53 1.54 1.55 1.56 1.57 1.58 1.59 1.6  1.61 1.62 1.63
 1.64 1.65 1.66 1.67 1.68 1.69]","[0.03 0.03 0.03 0.03 0.03 0.03 0.03 0.03 0.03 0.03 0.03 0.03 0.03 0.03
 0.03 0.03 0.03 0.03 0.03 0.03]","[1666.01285112 1623.64146699 1598.8739074  1596.69783312 1635.90590079
 1733.9606794  1902.96947407 2124.29290049 2382.63725935 2669.17672849
 2977.3047265  3304.37161733 3647.52731561 4003.77170658 4370.00918735
 4743.10519521 5119.94261192 5497.476046   5872.81987631 6243.90453776]"
4,"[1.5  1.51 1.52 1.53 1.54 1.55 1.56 1.57 1.58 1.59 1.6  1.61 1.62 1.63
 1.64 1.65 1.66 1.67 1.68 1.69]","[0.04 0.04 0.04 0.04 0.04 0.04 0.04 0.04 0.04 0.04 0.04 0.04 0.04 0.04
 0.04 0.04 0.04 0.04 0.04 0.04]","[2037.19980343 2041.12069201 2076.27927018 2155.15387782 2276.86876138
 2427.2445253  2612.421098   2828.09246373 3067.588742   3329.00883817
 3610.21569701 3908.86548479 4222.44312294 4548.30281765 4883.71204909
 5225.8973936  5572.09054424 5919.57295461 6265.71764004 6608.02681542]"
5,"[1.5  1.51 1.52 1.53 1.54 1.55 1.56 1.57 1.58 1.59 1.6  1.61 1.62 1.63
 1.64 1.65 1.66 1.67 1.68 1.69]","[0.05 0.05 0.05 0.05 0.05 0.05 0.05 0.05 0.05 0.05 0.05 0.05 0.05 0.05
 0.05 0.05 0.05 0.05 0.05 0.05]","[2634.38783823 2667.87706231 2727.31280412 2815.57617912 2936.09679125
 3084.51636269 3257.50229623 3453.79088179 3671.88858004 3910.08363629
 4166.46410077 4438.94173144 4725.28098011 5023.13204613 5330.06682945
 5643.61652965 5961.30961258 6280.70889609 6599.44657866 6915.25614584]"
6,"[1.5  1.51 1.52 1.53 1.54 1.55 1.56 1.57 1.58 1.59 1.6  1.61 1.62 1.63
 1.64 1.65 1.66 1.67 1.68 1.69]","[0.06 0.06 0.06 0.06 0.06 0.06 0.06 0.06 0.06 0.06 0.06 0.06 0.06 0.06
 0.06 0.06 0.06 0.06 0.06 0.06]","[3245.4819767  3281.01266734 3342.70494116 3429.23720657 3540.04437188
 3674.36475052 3831.23519507 4009.49092812 4207.77045634 4424.52569344
 4658.03715567 4906.43384831 5167.71724649 5439.78859974 5720.47866275
 6007.57887671 6298.87299426 6592.16815258 6885.32444819 7176.28214934]"
7,"[1.5  1.51 1.52 1.53 1.54 1.55 1.56 1.57 1.58 1.59 1.6  1.61 1.62 1.63
 1.64 1.65 1.66 1.67 1.68 1.69]","[0.07 0.07 0.07 0.07 0.07 0.07 0.07 0.07 0.07 0.07 0.07 0.07 0.07 0.07
 0.07 0.07 0.07 0.07 0.07 0.07]","[3819.17649692 3850.02463032 3904.18137023 3981.26196593 4080.71533352
 4201.81784669 4343.67037899 4505.19908001 4685.16018856 4882.14898895
 5094.6128174  5320.86783576 5559.11912116 5807.48348035 6064.01429197
 6326.7276111  6593.62873732 6862.73844888 7132.11813815 7399.89314371]"
8,"[1.5  1.51 1.52 1.53 1.54 1.55 1.56 1.57 1.58 1.59 1.6  1.61 1.62 1.63
 1.64 1.65 1.66 1.67 1.68 1.69]","[0.08 0.08 0.08 0.08 0.08 0.08 0.08 0.08 0.08 0.08 0.08 0.08 0.08 0.08
 0.08 0.08 0.08 0.08 0.08 0.08]","[4337.09826361 4362.4942782  4409.457548   4477.60574921 4566.40819086
 4675.18163845 4803.08876617 4949.13960975 5112.19625649 5290.98085986
 5484.08691245 5689.99356434 5907.08264038 6133.65789786 6367.96597864
 6608.21845006 6852.61429729 7099.36222533 7346.70214993 7592.92530102]"
9,"[1.5  1.51 1.52 1.53 1.54 1.55 1.56 1.57 1.58 1.59 1.6  1.61 1.62 1.63
 1.64 1.65 1.66 1.67 1.68 1.69]","[0.09 0.09 0.09 0.09 0.09 0.09 0.09 0.09 0.09 0.09 0.09 0.09 0.09 0.09
 0.09 0.09 0.09 0.09 0.09 0.09]","[4805.05708481 4825.25284386 4865.4231486  4925.19483569 5004.06169819
 5101.38182292 5216.37707681 5348.13502946 5495.61349556 5657.64776682
 5832.96048447 6020.17398839 6217.82487366 6424.38039484 6638.25628655
 6857.83551782 7081.48746871 7307.58701034 7534.53298265 7760.76559684]"
10,"[1.5  1.51 1.52 1.53 1.54 1.55 1.56 1.57 1.58 1.59 1.6  1.61 1.62 1.63
 1.64 1.65 1.66 1.67 1.68 1.69]","[0.1 0.1 0.1 0.1 0.1 0.1 0.1 0.1 0.1 0.1 0.1 0.1 0.1 0.1 0.1 0.1 0.1 0.1
 0.1 0.1]","[5228.81616519 5244.11082741 5277.92017397 5329.88473455 5399.52520485
 5486.24090734 5589.31002763 5707.89184777 5841.03111868 5987.66462521
 6146.62990582 6316.67599831 6496.47599924 6684.64115236 6879.73612192
 7080.29506396 7284.83808303 7491.88765265 7699.9845864  7907.70317032]"
11,"[1.5  1.51 1.52 1.53 1.54 1.55 1.56 1.57 1.58 1.59 1.6  1.61 1.62 1.63
 1.64 1.65 1.66 1.67 1.68 1.69]","[0.11 0.11 0.11 0.11 0.11 0.11 0.11 0.11 0.11 0.11 0.11 0.11 0.11 0.11
 0.11 0.11 0.11 0.11 0.11 0.11]","[5613.32497725 5624.04373703 5651.93671004 5696.66104201 5757.76553694
 5834.68994645 5926.76574088 6033.21853244 6153.17225913 6285.65517009
 6429.60758041 6583.89129291 6747.30051723 6918.57405838 7096.40849831
 7279.47205824 7466.418807   7655.90287161 7846.59231124 8037.1823331 ]"
12,"[1.5  1.51 1.52 1.53 1.54 1.55 1.56 1.57 1.58 1.59 1.6  1.61 1.62 1.63
 1.64 1.65 1.66 1.67 1.68 1.69]","[0.12 0.12 0.12 0.12 0.12 0.12 0.12 0.12 0.12 0.12 0.12 0.12 0.12 0.12
 0.12 0.12 0.12 0.12 0.12 0.12]","[5962.85833323 5969.33741717 5991.75801626 6029.79564092 6083.02753681
 6150.93257984 6232.89241911 6328.19399819 6436.03353764 6555.52200778
 6685.69206441 6825.5063635  6973.86711806 7129.62671279 7291.59915283
 7458.57209301 7629.31917465 7802.61238833 7977.23418381 8151.98906107]"
13,"[1.5  1.51 1.52 1.53 1.54 1.55 1.56 1.57 1.58 1.59 1.6  1.61 1.62 1.63
 1.64 1.65 1.66 1.67 1.68 1.69]","[0.13 0.13 0.13 0.13 0.13 0.13 0.13 0.13 0.13 0.13 0.13 0.13 0.13 0.13
 0.13 0.13 0.13 0.13 0.13 0.13]","[6281.1270349  6283.70321611 6301.08585208 6332.96971337 6378.96020155
 6438.573681   6511.23887055 6596.29939457 6693.01755574 6800.57934948
 6918.10069533 7044.63481565 7179.18064967 7320.69215249 7468.08829666
 7620.26356907 7776.09873944 7934.47166894 8094.2679286  8254.39100671]"
14,"[1.5  1.51 1.52 1.53 1.54 1.55 1.56 1.57 1.58 1.59 1.6  1.61 1.62 1.63
 1.64 1.65 1.66 1.67 1.68 1.69]","[0.14 0.14 0.14 0.14 0.14 0.14 0.14 0.14 0.14 0.14 0.14 0.14 0.14 0.14
 0.14 0.14 0.14 0.14 0.14 0.14]","[6571.36691166 6570.37029774 6583.13379621 6609.37171821 6648.71690453
 6700.72136623 6764.85783237 6840.52228055 6927.03749621 7023.65767344
 7129.57403443 7243.92140876 7365.78567995 7494.21197553 7628.21345075
 7766.78049556 7908.89018071 8053.51575166 8199.63597952 8346.24418514]"
15,"[1.5  1.51 1.52 1.53 1.54 1.55 1.56 1.57 1.58 1.59 1.6  1.61 1.62 1.63
 1.64 1.65 1.66 1.67 1.68 1.69]","[0.15 0.15 0.15 0.15 0.15 0.15 0.15 0.15 0.15 0.15 0.15 0.15 0.15 0.15
 0.15 0.15 0.15 0.15 0.15 0.15]","[6836.41119479 6832.16039156 6840.70417065 6861.77622628 6895.03583052
 6940.06868597 6996.38856041 7063.43976037 7140.60047701 7227.18701146
 7322.4588577  7425.62459325 7535.84849977 7652.25781111 7773.95046488
 7900.00321648 8029.47996339 8161.44012085 8294.94689032 8429.07526709]"
16,"[1.5  1.51 1.52 1.53 1.54 1.55 1.56 1.57 1.58 1.59 1.6  1.61 1.62 1.63
 1.64 1.65 1.66 1.67 1.68 1.69]","[0.16 0.16 0.16 0.16 0.16 0.16 0.16 0.16 0.16 0.16 0.16 0.16 0.16 0.16
 0.16 0.16 0.16 0.16 0.16 0.16]","[7078.74987955 7071.5488778  7076.25069296 7092.6079384  7120.30512175
 7158.95963667 7208.12343306 7267.28540809 7335.87454194 7413.26378052
 7498.77464475 7591.68252321 7691.22258239 7796.59620889 7906.97788021
 8021.52234712 8139.37200061 8259.66429146 8381.53906965 8504.14571504]"
17,"[1.5  1.51 1.52 1.53 1.54 1.55 1.56 1.57 1.58 1.59 1.6  1.61 1.62 1.63
 1.64 1.65 1.66 1.67 1.68 1.69]","[0.17 0.17 0.17 0.17 0.17 0.17 0.17 0.17 0.17 0.17 0.17 0.17 0.17 0.17
 0.17 0.17 0.17 0.17 0.17 0.17]","[7300.57880857 7290.71511732 7291.92992939 7303.99410483 7326.61607965
 7359.44294185 7402.06209952 7454.00357229 7514.74292224 7583.70482338
 7660.26725017 7743.76624732 7833.50122493 7928.74070664 8028.72844434
 8132.68980137 8239.83829817 8349.38220993 8460.53110489 8572.50221511]"
18,"[1.5  1.51 1.52 1.53 1.54 1.55 1.56 1.57 1.58 1.59 1.6  1.61 1.62 1.63
 1.64 1.65 1.66 1.67 1.68 1.69]","[0.18 0.18 0.18 0.18 0.18 0.18 0.18 0.18 0.18 0.18 0.18 0.18 0.18 0.18
 0.18 0.18 0.18 0.18 0.18 0.18]","[7503.84055088 7491.58422752 7489.64386862 7497.80777255 7515.8069409
 7543.31619794 7579.95582947 7625.29376384 7678.84830533 7740.09141655
 7808.45253131 7883.32286463 7964.06017183 8049.99389544 8140.43062682
 8234.65980016 8331.95952968 8431.60249724 8532.86179646 8635.01664226]"
19,"[1.5  1.51 1.52 1.53 1.54 1.55 1.56 1.57 1.58 1.59 1.6  1.61 1.62 1.63
 1.64 1.65 1.66 1.67 1.68 1.69]","[0.19 0.19 0.19 0.19 0.19 0.19 0.19 0.19 0.19 0.19 0.19 0.19 0.19 0.19
 0.19 0.19 0.19 0.19 0.19 0.19]","[7690.25866942 7675.8619897  7671.07538802 7675.70371045 7689.49914631
 7712.16236081 7743.34408563 7782.64718341 7829.62919211 7883.80534409
 7944.65204207 8011.61076275 8084.09234619 8161.48161884 8243.14228801
 8328.42203829 8416.65775449 8507.18079285 8599.32222103 8692.41794972]"
