,n space,k space,Chi Square Statistic
0,"[1.5  1.51 1.52 1.53 1.54 1.55 1.56 1.57 1.58 1.59 1.6  1.61 1.62 1.63
 1.64 1.65 1.66 1.67 1.68 1.69]",[0. 0. 0. 0. 0. 0. 0. 0. 0. 0. 0. 0. 0. 0. 0. 0. 0. 0. 0. 0.],"[1583.47685765 1513.63999541 1442.30526336 1370.56170512 1303.34643439
 1240.70467044 1185.60756935 1131.91765526 1086.11040851 1052.35160663
 1030.25592915 1038.49542953 1061.19744319 1098.32762766 1156.10128957
 1222.2027311  1297.05197256 1386.37722333 1482.98223967 1584.50071121]"
1,"[1.5  1.51 1.52 1.53 1.54 1.55 1.56 1.57 1.58 1.59 1.6  1.61 1.62 1.63
 1.64 1.65 1.66 1.67 1.68 1.69]","[0.01 0.01 0.01 0.01 0.01 0.01 0.01 0.01 0.01 0.01 0.01 0.01 0.01 0.01
 0.01 0.01 0.01 0.01 0.01 0.01]","[1525.61403346 1460.31888848 1398.1650497  1337.90969625 1279.57967478
 1221.74212283 1172.87540576 1132.19390558 1099.29853023 1084.36596572
 1086.62998648 1100.25407915 1130.34661403 1178.3073344  1233.53417998
 1298.38233531 1376.42081954 1464.7563217  1557.08451022 1650.50626404]"
2,"[1.5  1.51 1.52 1.53 1.54 1.55 1.56 1.57 1.58 1.59 1.6  1.61 1.62 1.63
 1.64 1.65 1.66 1.67 1.68 1.69]","[0.02 0.02 0.02 0.02 0.02 0.02 0.02 0.02 0.02 0.02 0.02 0.02 0.02 0.02
 0.02 0.02 0.02 0.02 0.02 0.02]","[1511.51513169 1455.92200142 1398.86851415 1345.57642229 1297.43965911
 1254.35414463 1217.53397826 1190.23401754 1181.55575729 1181.69663731
 1193.07895724 1222.53756435 1261.70283249 1308.8902906  1365.80348574
 1432.67009281 1512.02406374 1596.94998173 1683.21400962 1768.54091376]"
3,"[1.5  1.51 1.52 1.53 1.54 1.55 1.56 1.57 1.58 1.59 1.6  1.61 1.62 1.63
 1.64 1.65 1.66 1.67 1.68 1.69]","[0.03 0.03 0.03 0.03 0.03 0.03 0.03 0.03 0.03 0.03 0.03 0.03 0.03 0.03
 0.03 0.03 0.03 0.03 0.03 0.03]","[1516.88092802 1474.43951886 1432.93827629 1392.88044583 1357.93448046
 1326.23634284 1309.22748833 1299.24795716 1297.57283042 1308.13182818
 1332.12777982 1363.44354341 1403.1853631  1452.5320752  1510.20316085
 1580.77252474 1658.1194945  1737.24850078 1816.47951791 1895.2135104 ]"
4,"[1.5  1.51 1.52 1.53 1.54 1.55 1.56 1.57 1.58 1.59 1.6  1.61 1.62 1.63
 1.64 1.65 1.66 1.67 1.68 1.69]","[0.04 0.04 0.04 0.04 0.04 0.04 0.04 0.04 0.04 0.04 0.04 0.04 0.04 0.04
 0.04 0.04 0.04 0.04 0.04 0.04]","[1556.74644197 1523.00253174 1489.44199707 1462.36253989 1443.74371733
 1429.64283067 1420.85744067 1419.7384417  1431.20029509 1452.8195959
 1478.96751613 1512.86888442 1555.22779516 1603.83325296 1665.49927859
 1734.92337541 1806.71024296 1879.37996191 1952.52702769 2025.32677879]"
5,"[1.5  1.51 1.52 1.53 1.54 1.55 1.56 1.57 1.58 1.59 1.6  1.61 1.62 1.63
 1.64 1.65 1.66 1.67 1.68 1.69]","[0.05 0.05 0.05 0.05 0.05 0.05 0.05 0.05 0.05 0.05 0.05 0.05 0.05 0.05
 0.05 0.05 0.05 0.05 0.05 0.05]","[1615.02155729 1593.17083735 1573.6621119  1559.06499185 1546.45245332
 1538.864062   1540.84677587 1553.27384737 1570.82729562 1593.00702967
 1621.23094745 1657.62159499 1698.75258767 1752.99928519 1814.87410209
 1879.73383274 1945.83994536 2012.76424747 2079.99675992 2147.95365338]"
6,"[1.5  1.51 1.52 1.53 1.54 1.55 1.56 1.57 1.58 1.59 1.6  1.61 1.62 1.63
 1.64 1.65 1.66 1.67 1.68 1.69]","[0.06 0.06 0.06 0.06 0.06 0.06 0.06 0.06 0.06 0.06 0.06 0.06 0.06 0.06
 0.06 0.06 0.06 0.06 0.06 0.06]","[1699.52177033 1681.68979961 1665.76396918 1655.03026555 1652.1357432
 1657.8686932  1668.38360635 1682.04865684 1700.62764348 1723.67094358
 1754.89016223 1789.84837361 1836.56050743 1890.93028187 1948.91452268
 2008.52412225 2069.33945158 2131.02123865 2193.79415494 2256.89786453]"
7,"[1.5  1.51 1.52 1.53 1.54 1.55 1.56 1.57 1.58 1.59 1.6  1.61 1.62 1.63
 1.64 1.65 1.66 1.67 1.68 1.69]","[0.07 0.07 0.07 0.07 0.07 0.07 0.07 0.07 0.07 0.07 0.07 0.07 0.07 0.07
 0.07 0.07 0.07 0.07 0.07 0.07]","[1780.85667204 1771.54431936 1765.89267435 1765.19081673 1768.57328492
 1775.21093741 1784.78779063 1800.22790653 1819.13182102 1845.54182816
 1875.07561612 1914.97368061 1962.27859574 2013.71732128 2067.020041
 2121.82354493 2177.86575809 2235.23087808 2293.66742751 2351.96012777]"
8,"[1.5  1.51 1.52 1.53 1.54 1.55 1.56 1.57 1.58 1.59 1.6  1.61 1.62 1.63
 1.64 1.65 1.66 1.67 1.68 1.69]","[0.08 0.08 0.08 0.08 0.08 0.08 0.08 0.08 0.08 0.08 0.08 0.08 0.08 0.08
 0.08 0.08 0.08 0.08 0.08 0.08]","[1877.02422156 1871.94534373 1870.00568799 1870.70923262 1874.04498829
 1881.84570708 1893.04434876 1908.39075799 1930.26244012 1954.99095443
 1989.11173257 2029.87055547 2075.15489846 2122.55034963 2171.72017114
 2222.29720133 2274.1321754  2327.62016279 2381.40765402 2435.10882602]"
9,"[1.5  1.51 1.52 1.53 1.54 1.55 1.56 1.57 1.58 1.59 1.6  1.61 1.62 1.63
 1.64 1.65 1.66 1.67 1.68 1.69]","[0.09 0.09 0.09 0.09 0.09 0.09 0.09 0.09 0.09 0.09 0.09 0.09 0.09 0.09
 0.09 0.09 0.09 0.09 0.09 0.09]","[1968.81462873 1964.74199434 1963.1037888  1965.49588485 1970.83924237
 1978.75294521 1992.2749561  2009.73681463 2030.55715691 2059.50359139
 2094.17727517 2133.53405962 2175.07135143 2218.62590659 2263.80040535
 2310.26103168 2358.676908   2407.94221185 2457.47480124 2506.92794207]"
10,"[1.5  1.51 1.52 1.53 1.54 1.55 1.56 1.57 1.58 1.59 1.6  1.61 1.62 1.63
 1.64 1.65 1.66 1.67 1.68 1.69]","[0.1 0.1 0.1 0.1 0.1 0.1 0.1 0.1 0.1 0.1 0.1 0.1 0.1 0.1 0.1 0.1 0.1 0.1
 0.1 0.1]","[2051.86914185 2049.50797305 2049.59382453 2052.17278829 2058.35487444
 2069.4851336  2083.16660181 2101.4839333  2125.77661698 2155.22357353
 2189.30038876 2225.60605211 2263.90777239 2303.95617904 2345.48670859
 2388.78293262 2433.4800788  2478.76409438 2524.32519394 2569.85095441]"
11,"[1.5  1.51 1.52 1.53 1.54 1.55 1.56 1.57 1.58 1.59 1.6  1.61 1.62 1.63
 1.64 1.65 1.66 1.67 1.68 1.69]","[0.11 0.11 0.11 0.11 0.11 0.11 0.11 0.11 0.11 0.11 0.11 0.11 0.11 0.11
 0.11 0.11 0.11 0.11 0.11 0.11]","[2129.13933832 2126.95298943 2128.09826792 2133.20768518 2140.99005831
 2151.58429018 2167.79978429 2187.96325318 2212.74214601 2241.90536327
 2273.31350904 2306.76669493 2342.04953406 2378.93207093 2417.31835103
 2457.6541927  2498.80391896 2540.48969068 2582.42872722 2624.33611567]"
12,"[1.5  1.51 1.52 1.53 1.54 1.55 1.56 1.57 1.58 1.59 1.6  1.61 1.62 1.63
 1.64 1.65 1.66 1.67 1.68 1.69]","[0.12 0.12 0.12 0.12 0.12 0.12 0.12 0.12 0.12 0.12 0.12 0.12 0.12 0.12
 0.12 0.12 0.12 0.12 0.12 0.12]","[2200.21193559 2200.29984384 2202.79443259 2207.91252907 2217.24591045
 2230.30713392 2246.78303884 2267.38467492 2291.9422096  2318.78877415
 2347.70002643 2378.49026712 2410.96010176 2444.89732326 2480.77308738
 2517.88721885 2555.74664939 2594.09721194 2632.68057991 2671.23674212]"
13,"[1.5  1.51 1.52 1.53 1.54 1.55 1.56 1.57 1.58 1.59 1.6  1.61 1.62 1.63
 1.64 1.65 1.66 1.67 1.68 1.69]","[0.13 0.13 0.13 0.13 0.13 0.13 0.13 0.13 0.13 0.13 0.13 0.13 0.13 0.13
 0.13 0.13 0.13 0.13 0.13 0.13]","[2267.81892852 2268.85483033 2272.66765775 2279.79104457 2289.3988765
 2302.6915041  2319.69791947 2340.05444247 2362.61993337 2387.24798805
 2413.77906312 2442.04087086 2471.87761409 2503.35447244 2536.56912076
 2570.69526031 2605.50568662 2640.76769576 2676.24509977 2711.70040965]"
14,"[1.5  1.51 1.52 1.53 1.54 1.55 1.56 1.57 1.58 1.59 1.6  1.61 1.62 1.63
 1.64 1.65 1.66 1.67 1.68 1.69]","[0.14 0.14 0.14 0.14 0.14 0.14 0.14 0.14 0.14 0.14 0.14 0.14 0.14 0.14
 0.14 0.14 0.14 0.14 0.14 0.14]","[2333.14288504 2334.88404418 2338.98275235 2346.12084976 2355.94704755
 2369.83542242 2386.32943906 2404.9883942  2425.68750268 2448.28991373
 2472.64697728 2498.5986674  2525.97418429 2555.30901416 2585.79049645
 2617.11289086 2649.08914214 2681.49272489 2714.09696397 2746.68473993]"
15,"[1.5  1.51 1.52 1.53 1.54 1.55 1.56 1.57 1.58 1.59 1.6  1.61 1.62 1.63
 1.64 1.65 1.66 1.67 1.68 1.69]","[0.15 0.15 0.15 0.15 0.15 0.15 0.15 0.15 0.15 0.15 0.15 0.15 0.15 0.15
 0.15 0.15 0.15 0.15 0.15 0.15]","[2393.83577547 2395.74084243 2400.15050179 2407.39815016 2418.11705062
 2431.03884842 2446.06906647 2463.12525478 2482.07791767 2502.78880677
 2525.11951269 2548.9214454  2574.3601645  2601.38188548 2629.3648982
 2658.12327685 2687.46560089 2717.19640674 2747.11778006 2777.03106296]"
16,"[1.5  1.51 1.52 1.53 1.54 1.55 1.56 1.57 1.58 1.59 1.6  1.61 1.62 1.63
 1.64 1.65 1.66 1.67 1.68 1.69]","[0.16 0.16 0.16 0.16 0.16 0.16 0.16 0.16 0.16 0.16 0.16 0.16 0.16 0.16
 0.16 0.16 0.16 0.16 0.16 0.16]","[2450.42468364 2452.205124   2457.43445512 2464.9302609  2474.54959816
 2486.21190609 2499.82864851 2515.3072466  2532.59673922 2551.54113414
 2571.98503485 2593.78809466 2617.49029819 2642.26997841 2667.93737265
 2694.32132578 2721.24591397 2748.53174896 2775.99739868 2803.46090218]"
17,"[1.5  1.51 1.52 1.53 1.54 1.55 1.56 1.57 1.58 1.59 1.6  1.61 1.62 1.63
 1.64 1.65 1.66 1.67 1.68 1.69]","[0.17 0.17 0.17 0.17 0.17 0.17 0.17 0.17 0.17 0.17 0.17 0.17 0.17 0.17
 0.17 0.17 0.17 0.17 0.17 0.17]","[2503.02515366 2505.57969996 2510.21894708 2516.88892673 2525.5448881
 2536.09875829 2548.46417303 2562.54865077 2578.25043116 2595.45874065
 2614.05759028 2634.27549128 2655.94274763 2678.62930883 2702.15134384
 2726.3370537  2751.02465818 2776.04940054 2801.24481789 2826.4440887 ]"
18,"[1.5  1.51 1.52 1.53 1.54 1.55 1.56 1.57 1.58 1.59 1.6  1.61 1.62 1.63
 1.64 1.65 1.66 1.67 1.68 1.69]","[0.18 0.18 0.18 0.18 0.18 0.18 0.18 0.18 0.18 0.18 0.18 0.18 0.18 0.18
 0.18 0.18 0.18 0.18 0.18 0.18]","[2551.80265052 2553.89159404 2557.91669568 2563.82725997 2571.56347847
 2581.07779714 2592.2733668  2605.06256728 2619.35049397 2635.03402855
 2652.03012001 2670.77798472 2690.57216818 2711.29025257 2732.77201953
 2754.87245243 2777.44289744 2800.33212151 2823.38744973 2846.46402674]"
19,"[1.5  1.51 1.52 1.53 1.54 1.55 1.56 1.57 1.58 1.59 1.6  1.61 1.62 1.63
 1.64 1.65 1.66 1.67 1.68 1.69]","[0.19 0.19 0.19 0.19 0.19 0.19 0.19 0.19 0.19 0.19 0.19 0.19 0.19 0.19
 0.19 0.19 0.19 0.19 0.19 0.19]","[2595.97693817 2597.62482751 2601.07126746 2606.26875347 2613.16128317
 2621.6879331  2631.79172463 2643.37378593 2656.34570582 2670.61157525
 2686.40353501 2703.5105496  2721.58107473 2740.49046201 2760.1174164
 2780.3357588  2800.99253343 2821.94866602 2843.06387007 2864.19772009]"
