,n space,k space,Chi Square Statistic
0,"[1.5  1.51 1.52 1.53 1.54 1.55 1.56 1.57 1.58 1.59 1.6  1.61 1.62 1.63
 1.64 1.65 1.66 1.67 1.68 1.69]",[0. 0. 0. 0. 0. 0. 0. 0. 0. 0. 0. 0. 0. 0. 0. 0. 0. 0. 0. 0.],"[2646.87278884 2471.87211789 2263.40873027 2021.93120032 1748.17591119
 1445.23715761 1131.309529    814.36289537  570.64173628  513.97149377
  676.89080563 1015.69612732 1459.17008876 1939.01570174 2433.78264146
 2936.88015568 3444.2221551  3953.05188853 4459.66036049 4960.75949296]"
1,"[1.5  1.51 1.52 1.53 1.54 1.55 1.56 1.57 1.58 1.59 1.6  1.61 1.62 1.63
 1.64 1.65 1.66 1.67 1.68 1.69]","[0.01 0.01 0.01 0.01 0.01 0.01 0.01 0.01 0.01 0.01 0.01 0.01 0.01 0.01
 0.01 0.01 0.01 0.01 0.01 0.01]","[2009.89916755 1856.90207751 1675.06687097 1470.05904435 1247.84117766
 1028.24029813  848.72768779  788.8955695   849.25034214 1040.5131955
 1314.96776629 1655.2843734  2021.98141056 2405.02580365 2807.53472733
 3229.75825929 3672.1825922  4123.23959757 4575.13876173 5023.83579684]"
2,"[1.5  1.51 1.52 1.53 1.54 1.55 1.56 1.57 1.58 1.59 1.6  1.61 1.62 1.63
 1.64 1.65 1.66 1.67 1.68 1.69]","[0.02 0.02 0.02 0.02 0.02 0.02 0.02 0.02 0.02 0.02 0.02 0.02 0.02 0.02
 0.02 0.02 0.02 0.02 0.02 0.02]","[1539.67101632 1425.47865558 1310.91173516 1201.58834532 1127.70171926
 1108.96985066 1174.96328337 1305.80480052 1505.25323263 1766.88352041
 2060.49739701 2378.35234317 2711.62631893 3057.50859839 3412.89501291
 3775.12488227 4142.34123322 4511.87848627 4887.63114275 5271.27816222]"
3,"[1.5  1.51 1.52 1.53 1.54 1.55 1.56 1.57 1.58 1.59 1.6  1.61 1.62 1.63
 1.64 1.65 1.66 1.67 1.68 1.69]","[0.03 0.03 0.03 0.03 0.03 0.03 0.03 0.03 0.03 0.03 0.03 0.03 0.03 0.03
 0.03 0.03 0.03 0.03 0.03 0.03]","[1519.62501943 1480.3357337  1468.48761831 1481.89428427 1530.13565211
 1619.84277213 1768.0291324  1961.19008425 2189.05162673 2441.33244523
 2715.41171141 3006.2379616  3311.328606   3628.06570273 3953.74199546
 4285.60889307 4621.04146598 4957.40534621 5292.2671535  5623.89084299]"
4,"[1.5  1.51 1.52 1.53 1.54 1.55 1.56 1.57 1.58 1.59 1.6  1.61 1.62 1.63
 1.64 1.65 1.66 1.67 1.68 1.69]","[0.04 0.04 0.04 0.04 0.04 0.04 0.04 0.04 0.04 0.04 0.04 0.04 0.04 0.04
 0.04 0.04 0.04 0.04 0.04 0.04]","[1903.11053874 1901.86530517 1927.94454278 1995.40479128 2100.1386028
 2236.507214   2401.60580199 2589.86708894 2803.53049636 3036.51207636
 3286.95061328 3552.80319948 3831.87482555 4121.85237594 4420.34176457
 4724.90686306 5033.1088604  5342.54473502 5650.88360318 5955.89981993]"
5,"[1.5  1.51 1.52 1.53 1.54 1.55 1.56 1.57 1.58 1.59 1.6  1.61 1.62 1.63
 1.64 1.65 1.66 1.67 1.68 1.69]","[0.05 0.05 0.05 0.05 0.05 0.05 0.05 0.05 0.05 0.05 0.05 0.05 0.05 0.05
 0.05 0.05 0.05 0.05 0.05 0.05]","[2416.18666963 2448.04023834 2504.67039208 2585.32200511 2692.3227601
 2821.90054378 2977.05921793 3152.72161885 3347.58352591 3560.15119636
 3788.75601752 4031.57421873 4286.65100629 4551.9282985  4825.27510451
 5104.51951262 5387.48122577 5672.00359844 5955.9841817  6237.40286566]"
6,"[1.5  1.51 1.52 1.53 1.54 1.55 1.56 1.57 1.58 1.59 1.6  1.61 1.62 1.63
 1.64 1.65 1.66 1.67 1.68 1.69]","[0.06 0.06 0.06 0.06 0.06 0.06 0.06 0.06 0.06 0.06 0.06 0.06 0.06 0.06
 0.06 0.06 0.06 0.06 0.06 0.06]","[2965.96084673 2997.58964956 3052.23818733 3129.75820518 3230.21357039
 3351.35498097 3492.33530828 3652.13341983 3829.55782469 4023.25472393
 4231.72038769 4453.31757237 4686.29550865 4928.81284063 5178.96278531
 5434.79970952 5694.36628855 5955.72041255 6216.96103923 6476.25225122]"
7,"[1.5  1.51 1.52 1.53 1.54 1.55 1.56 1.57 1.58 1.59 1.6  1.61 1.62 1.63
 1.64 1.65 1.66 1.67 1.68 1.69]","[0.07 0.07 0.07 0.07 0.07 0.07 0.07 0.07 0.07 0.07 0.07 0.07 0.07 0.07
 0.07 0.07 0.07 0.07 0.07 0.07]","[3473.07207206 3503.10994131 3553.67996641 3624.43266834 3714.87554911
 3824.36760038 3952.11648395 4097.17881488 4258.46382972 4434.74055948
 4624.64845983 4826.71129083 5039.35389482 5260.92140017 5489.70028592
 5723.94067844 5961.8792177  6201.76182431 6441.86571823 6680.52008248]"
8,"[1.5  1.51 1.52 1.53 1.54 1.55 1.56 1.57 1.58 1.59 1.6  1.61 1.62 1.63
 1.64 1.65 1.66 1.67 1.68 1.69]","[0.08 0.08 0.08 0.08 0.08 0.08 0.08 0.08 0.08 0.08 0.08 0.08 0.08 0.08
 0.08 0.08 0.08 0.08 0.08 0.08]","[3936.56761012 3961.7667737  4005.96758348 4068.82333765 4149.85947471
 4248.46986216 4363.91524545 4495.32419011 4641.69673934 4801.91088562
 4974.73182674 5158.8238527  5352.7645963  5555.06128297 5764.16853846
 5978.50725764 6196.48400582 6416.51041361 6637.02203726 6856.49618673]"
9,"[1.5  1.51 1.52 1.53 1.54 1.55 1.56 1.57 1.58 1.59 1.6  1.61 1.62 1.63
 1.64 1.65 1.66 1.67 1.68 1.69]","[0.09 0.09 0.09 0.09 0.09 0.09 0.09 0.09 0.09 0.09 0.09 0.09 0.09 0.09
 0.09 0.09 0.09 0.09 0.09 0.09]","[4355.02074769 4375.59566024 4413.77136674 4469.2097328  4541.45771978
 4629.94500333 4733.98335981 4852.76807834 4985.38157235 5130.79926997
 5287.89776363 5455.46510278 5632.21302322 5816.7908285  6007.80057503
 6203.81316562 6403.38492681 6605.07423361 6807.45775066 7009.14588003]"
10,"[1.5  1.51 1.52 1.53 1.54 1.55 1.56 1.57 1.58 1.59 1.6  1.61 1.62 1.63
 1.64 1.65 1.66 1.67 1.68 1.69]","[0.1 0.1 0.1 0.1 0.1 0.1 0.1 0.1 0.1 0.1 0.1 0.1 0.1 0.1 0.1 0.1 0.1 0.1
 0.1 0.1]","[4733.65628999 4749.86390315 4782.3874897  4830.90138745 4894.97622575
 4974.07753431 5067.56581537 5174.69827874 5294.63237475 5426.43118759
 5569.07067488 5721.44866294 5882.39543608 6050.68569492 6225.05160628
 6404.19662774 6586.80976366 6771.57989792 6957.2098502  7142.42981782]"
11,"[1.5  1.51 1.52 1.53 1.54 1.55 1.56 1.57 1.58 1.59 1.6  1.61 1.62 1.63
 1.64 1.65 1.66 1.67 1.68 1.69]","[0.11 0.11 0.11 0.11 0.11 0.11 0.11 0.11 0.11 0.11 0.11 0.11 0.11 0.11
 0.11 0.11 0.11 0.11 0.11 0.11]","[5076.95975304 5089.08088851 5116.33759013 5158.41919024 5214.92107966
 5285.34404974 5369.09485863 5465.48817564 5573.75000826 5693.02265972
 5822.37120523 5960.79141492 6107.2189947  6260.53996503 6419.6019548
 6583.22615428 6750.21964842 6919.38784055 7089.54667647 7259.53438906]"
12,"[1.5  1.51 1.52 1.53 1.54 1.55 1.56 1.57 1.58 1.59 1.6  1.61 1.62 1.63
 1.64 1.65 1.66 1.67 1.68 1.69]","[0.12 0.12 0.12 0.12 0.12 0.12 0.12 0.12 0.12 0.12 0.12 0.12 0.12 0.12
 0.12 0.12 0.12 0.12 0.12 0.12]","[5388.8036233  5397.12978076 5419.5054696  5455.63652707 5505.14343777
 5567.56121386 5642.34030935 5728.84868696 5826.37511753 5934.13374809
 6051.26992725 6176.86722941 6309.95557342 6449.52029038 6594.51195996
 6743.85680695 6896.46743059 7051.25362865 7207.13307701 7363.041633  ]"
13,"[1.5  1.51 1.52 1.53 1.54 1.55 1.56 1.57 1.58 1.59 1.6  1.61 1.62 1.63
 1.64 1.65 1.66 1.67 1.68 1.69]","[0.13 0.13 0.13 0.13 0.13 0.13 0.13 0.13 0.13 0.13 0.13 0.13 0.13 0.13
 0.13 0.13 0.13 0.13 0.13 0.13]","[5672.54785783 5677.37195176 5695.24514145 5725.8905419  5768.95351959
 5824.00196264 5890.52743214 5967.94728551 6055.60783257 6152.78855067
 6258.70734732 6372.52682171 6493.36143939 6620.28550144 6752.34176068
 6888.55051419 7027.91898563 7169.45080107 7312.15536044 7455.05691198]"
14,"[1.5  1.51 1.52 1.53 1.54 1.55 1.56 1.57 1.58 1.59 1.6  1.61 1.62 1.63
 1.64 1.65 1.66 1.67 1.68 1.69]","[0.14 0.14 0.14 0.14 0.14 0.14 0.14 0.14 0.14 0.14 0.14 0.14 0.14 0.14
 0.14 0.14 0.14 0.14 0.14 0.14]","[5931.1207917  5932.73074004 5946.46721339 5972.0708438  6009.21128576
 6057.48776364 6116.43037596 6185.50222589 6264.10242358 6351.56997826
 6447.1885688  6550.19215089 6659.77132988 6775.08040124 6895.24493718
 7019.36977909 7146.54728135 7275.86564459 7406.41717381 7537.30630071]"
15,"[1.5  1.51 1.52 1.53 1.54 1.55 1.56 1.57 1.58 1.59 1.6  1.61 1.62 1.63
 1.64 1.65 1.66 1.67 1.68 1.69]","[0.15 0.15 0.15 0.15 0.15 0.15 0.15 0.15 0.15 0.15 0.15 0.15 0.15 0.15
 0.15 0.15 0.15 0.15 0.15 0.15]","[6167.08493184 6165.75931907 6175.708658   6196.69095562 6228.3992997
 6270.46259801 6322.44697227 6383.85785953 6454.14285443 6532.69530441
 6618.85864555 6711.93144332 6811.1730782  6915.80999477 7025.04241336
 7138.05138792 7254.00608216 7372.0711291  7491.4139371  7611.21180797]"
16,"[1.5  1.51 1.52 1.53 1.54 1.55 1.56 1.57 1.58 1.59 1.6  1.61 1.62 1.63
 1.64 1.65 1.66 1.67 1.68 1.69]","[0.16 0.16 0.16 0.16 0.16 0.16 0.16 0.16 0.16 0.16 0.16 0.16 0.16 0.16
 0.16 0.16 0.16 0.16 0.16 0.16]","[6382.69094283 6378.69619231 6385.18968444 6401.94639097 6428.68180767
 6465.05282051 6510.65914203 6565.04535735 6627.70360419 6698.07689365
 6775.56305958 6859.51930476 6949.26729305 7044.09871914 7143.28127147
 7246.06489143 7351.68822197 7459.38513327 7568.3912107  7677.95009242]"
17,"[1.5  1.51 1.52 1.53 1.54 1.55 1.56 1.57 1.58 1.59 1.6  1.61 1.62 1.63
 1.64 1.65 1.66 1.67 1.68 1.69]","[0.17 0.17 0.17 0.17 0.17 0.17 0.17 0.17 0.17 0.17 0.17 0.17 0.17 0.17
 0.17 0.17 0.17 0.17 0.17 0.17]","[6579.92230002 6573.51094224 6576.86047885 6589.76225289 6611.95303923
 6643.11598902 6682.88207332 6730.83205566 6786.49901023 6849.37138898
 6918.89662491 6994.48524359 7075.51543927 7161.33805748 7251.28191327
 7344.65936366 7440.77204496 7538.9166804  7638.39086204 7738.49871191]"
18,"[1.5  1.51 1.52 1.53 1.54 1.55 1.56 1.57 1.58 1.59 1.6  1.61 1.62 1.63
 1.64 1.65 1.66 1.67 1.68 1.69]","[0.18 0.18 0.18 0.18 0.18 0.18 0.18 0.18 0.18 0.18 0.18 0.18 0.18 0.18
 0.18 0.18 0.18 0.18 0.18 0.18]","[6760.53248858 6751.94222167 6752.43990418 6761.83253666 6779.87699009
 6806.28099188 6840.70455143 6882.76184696 6932.02358482 6988.01983158
 7050.2433062  7118.15310725 7191.17883737 7268.72507539 7350.17613616
 7434.90104934 7522.25868184 7611.60292443 7702.28786133 7793.67284251]"
19,"[1.5  1.51 1.52 1.53 1.54 1.55 1.56 1.57 1.58 1.59 1.6  1.61 1.62 1.63
 1.64 1.65 1.66 1.67 1.68 1.69]","[0.19 0.19 0.19 0.19 0.19 0.19 0.19 0.19 0.19 0.19 0.19 0.19 0.19 0.19
 0.19 0.19 0.19 0.19 0.19 0.19]","[6926.07619204 6915.52951085 6913.44775731 6919.65280226 6933.92041172
 6955.98124728 6985.5222554  7022.18846095 7065.58517232 7115.28059577
 7170.8088468  7231.67333586 7297.35049536 7367.29380551 7440.9380678
 7517.70386783 7597.0021637  7678.23893278 7760.81980796 7844.15463548]"
