,n space,k space,Chi Square Statistic
0,"[1.5  1.51 1.52 1.53 1.54 1.55 1.56 1.57 1.58 1.59 1.6  1.61 1.62 1.63
 1.64 1.65 1.66 1.67 1.68 1.69]",[0. 0. 0. 0. 0. 0. 0. 0. 0. 0. 0. 0. 0. 0. 0. 0. 0. 0. 0. 0.],"[3032.47754816 2859.11064114 2648.60711899 2402.30984673 2124.06233075
 1813.2403182  1471.66854615 1103.82536099  715.18083078  382.44249234
  757.61103124 1233.19881022 1740.96730168 2271.93372651 2818.32315613
 3375.43106878 3939.87289687 4508.11037088 5075.25436815 5637.78600459]"
1,"[1.5  1.51 1.52 1.53 1.54 1.55 1.56 1.57 1.58 1.59 1.6  1.61 1.62 1.63
 1.64 1.65 1.66 1.67 1.68 1.69]","[0.01 0.01 0.01 0.01 0.01 0.01 0.01 0.01 0.01 0.01 0.01 0.01 0.01 0.01
 0.01 0.01 0.01 0.01 0.01 0.01]","[2270.67808986 2112.79057154 1920.00259409 1693.59945544 1437.28061947
 1150.00169651  835.37013407  553.791026    771.23051513 1118.17237606
 1497.46753981 1903.91919609 2334.37200849 2782.90235149 3247.68122562
 3728.83160798 4222.4944916  4725.07461697 5228.53559254 5728.65660849]"
2,"[1.5  1.51 1.52 1.53 1.54 1.55 1.56 1.57 1.58 1.59 1.6  1.61 1.62 1.63
 1.64 1.65 1.66 1.67 1.68 1.69]","[0.02 0.02 0.02 0.02 0.02 0.02 0.02 0.02 0.02 0.02 0.02 0.02 0.02 0.02
 0.02 0.02 0.02 0.02 0.02 0.02]","[1594.1787418  1455.89784289 1286.02514607 1087.80935806  897.48991136
  894.24611784 1068.33160157 1323.19210304 1612.51831293 1931.38890925
 2274.04377654 2637.26523973 3017.70370582 3412.25671959 3818.53868442
 4233.57978513 4657.11209479 5085.46008759 5516.80291617 5955.27310397]"
3,"[1.5  1.51 1.52 1.53 1.54 1.55 1.56 1.57 1.58 1.59 1.6  1.61 1.62 1.63
 1.64 1.65 1.66 1.67 1.68 1.69]","[0.03 0.03 0.03 0.03 0.03 0.03 0.03 0.03 0.03 0.03 0.03 0.03 0.03 0.03
 0.03 0.03 0.03 0.03 0.03 0.03]","[1372.74901456 1322.77349833 1308.22883465 1367.41692141 1489.93317019
 1663.20365012 1871.45769353 2109.61725735 2374.94814236 2664.41173028
 2975.63568272 3305.80057428 3652.06507874 4011.38014354 4380.73584993
 4756.80862035 5136.47100137 5516.70225463 5897.75467378 6276.82954649]"
4,"[1.5  1.51 1.52 1.53 1.54 1.55 1.56 1.57 1.58 1.59 1.6  1.61 1.62 1.63
 1.64 1.65 1.66 1.67 1.68 1.69]","[0.04 0.04 0.04 0.04 0.04 0.04 0.04 0.04 0.04 0.04 0.04 0.04 0.04 0.04
 0.04 0.04 0.04 0.04 0.04 0.04]","[1904.96498634 1933.11851075 1997.98492249 2100.57440285 2235.14759422
 2398.80200833 2590.58872042 2808.01268452 3049.54079876 3312.94901229
 3596.09107445 3896.62338417 4212.35796831 4540.36602378 4877.81502492
 5221.96482817 5570.02374646 5919.32135417 6267.13974601 6610.9646784 ]"
5,"[1.5  1.51 1.52 1.53 1.54 1.55 1.56 1.57 1.58 1.59 1.6  1.61 1.62 1.63
 1.64 1.65 1.66 1.67 1.68 1.69]","[0.05 0.05 0.05 0.05 0.05 0.05 0.05 0.05 0.05 0.05 0.05 0.05 0.05 0.05
 0.05 0.05 0.05 0.05 0.05 0.05]","[2577.1818264  2617.55389667 2686.30253253 2782.70896055 2906.61888946
 3056.12115733 3230.18316717 3427.55646093 3646.85576011 3886.29484953
 4144.05026414 4418.06913196 4705.94764461 5005.28968423 5313.69672863
 5628.72328331 5947.86062158 6268.59720593 6588.55891094 6905.47391854]"
6,"[1.5  1.51 1.52 1.53 1.54 1.55 1.56 1.57 1.58 1.59 1.6  1.61 1.62 1.63
 1.64 1.65 1.66 1.67 1.68 1.69]","[0.06 0.06 0.06 0.06 0.06 0.06 0.06 0.06 0.06 0.06 0.06 0.06 0.06 0.06
 0.06 0.06 0.06 0.06 0.06 0.06]","[3208.59419492 3245.34208304 3307.89477867 3395.33570833 3507.05044496
 3642.27470627 3800.04220649 3979.2300725  4178.45525387 4396.1353487
 4630.58058915 4879.91166808 5142.16649157 5415.24242186 5696.89262129
 5984.96301673 6277.25063544 6571.52458089 6865.63973336 7157.51907321]"
7,"[1.5  1.51 1.52 1.53 1.54 1.55 1.56 1.57 1.58 1.59 1.6  1.61 1.62 1.63
 1.64 1.65 1.66 1.67 1.68 1.69]","[0.07 0.07 0.07 0.07 0.07 0.07 0.07 0.07 0.07 0.07 0.07 0.07 0.07 0.07
 0.07 0.07 0.07 0.07 0.07 0.07]","[3781.41248643 3812.59624568 3867.24614582 3944.86247942 4044.99653573
 4166.78671438 4309.42313071 4471.75419411 4652.50335189 4850.26201457
 5063.47347656 5290.44978866 5529.41298768 5778.54931132 6035.81077199
 6299.22164261 6566.84809769 6836.65949355 7106.67944113 7375.03066272]"
8,"[1.5  1.51 1.52 1.53 1.54 1.55 1.56 1.57 1.58 1.59 1.6  1.61 1.62 1.63
 1.64 1.65 1.66 1.67 1.68 1.69]","[0.08 0.08 0.08 0.08 0.08 0.08 0.08 0.08 0.08 0.08 0.08 0.08 0.08 0.08
 0.08 0.08 0.08 0.08 0.08 0.08]","[4298.38080313 4324.07057284 4371.33338722 4439.78739096 4529.01204687
 4638.2620881  4766.71103252 4913.38863495 5077.08352869 5256.50373881
 5450.23985461 5656.76791898 5874.46651666 6101.6361066  6336.52005026
 6577.35824524 6822.34144203 7069.64886082 7317.52427246 7564.30076995]"
9,"[1.5  1.51 1.52 1.53 1.54 1.55 1.56 1.57 1.58 1.59 1.6  1.61 1.62 1.63
 1.64 1.65 1.66 1.67 1.68 1.69]","[0.09 0.09 0.09 0.09 0.09 0.09 0.09 0.09 0.09 0.09 0.09 0.09 0.09 0.09
 0.09 0.09 0.09 0.09 0.09 0.09]","[4765.51323871 4785.98330819 4826.43280805 4886.4889172  4965.64551086
 5063.26048412 5178.62274562 5310.79413278 5458.7455834  5621.29688073
 5797.12363103 5984.90487674 6183.11318885 6390.21186301 6604.61371305
 6824.69888117 7048.83407924 7275.39172892 7502.81395967 7729.49835731]"
10,"[1.5  1.51 1.52 1.53 1.54 1.55 1.56 1.57 1.58 1.59 1.6  1.61 1.62 1.63
 1.64 1.65 1.66 1.67 1.68 1.69]","[0.1 0.1 0.1 0.1 0.1 0.1 0.1 0.1 0.1 0.1 0.1 0.1 0.1 0.1 0.1 0.1 0.1 0.1
 0.1 0.1]","[5188.5538595  5204.10504296 5238.17503623 5290.40461196 5360.31448764
 5447.30377481 5550.65021299 5669.5124094  5802.94766075 5949.94298547
 6109.31528306 6279.80858787 6460.06656274 6648.67960469 6844.21001307
 7045.19724232 7250.18332154 7457.65300849 7666.14519755 7874.23254038]"
11,"[1.5  1.51 1.52 1.53 1.54 1.55 1.56 1.57 1.58 1.59 1.6  1.61 1.62 1.63
 1.64 1.65 1.66 1.67 1.68 1.69]","[0.11 0.11 0.11 0.11 0.11 0.11 0.11 0.11 0.11 0.11 0.11 0.11 0.11 0.11
 0.11 0.11 0.11 0.11 0.11 0.11]","[5572.43649082 5583.39550846 5611.53222855 5656.50396226 5717.85949083
 5795.03834541 5887.37157627 5994.08418142 6114.29930333 6247.04423356
 6391.25819273 6545.81290436 6709.57625518 6881.20911152 7059.42615265
 7242.87571038 7430.19293765 7620.03014822 7811.053764   8001.9575639 ]"
12,"[1.5  1.51 1.52 1.53 1.54 1.55 1.56 1.57 1.58 1.59 1.6  1.61 1.62 1.63
 1.64 1.65 1.66 1.67 1.68 1.69]","[0.12 0.12 0.12 0.12 0.12 0.12 0.12 0.12 0.12 0.12 0.12 0.12 0.12 0.12
 0.12 0.12 0.12 0.12 0.12 0.12]","[5921.58369962 5928.17378833 5950.77648274 5989.04553229 6042.51186011
 6110.65411905 6192.85356557 6288.3965858  6396.47868888 6516.20999619
 6646.62219833 6786.67689508 6935.27518048 7091.26828747 7253.49667089
 7420.75120828 7591.79796344 7765.37703465 7940.3065985  8115.3514358 ]"
13,"[1.5  1.51 1.52 1.53 1.54 1.55 1.56 1.57 1.58 1.59 1.6  1.61 1.62 1.63
 1.64 1.65 1.66 1.67 1.68 1.69]","[0.13 0.13 0.13 0.13 0.13 0.13 0.13 0.13 0.13 0.13 0.13 0.13 0.13 0.13
 0.13 0.13 0.13 0.13 0.13 0.13]","[6239.6193771  6242.30006821 6259.78862038 6291.78186506 6337.9443508
 6397.74450033 6470.63330569 6555.91884771 6652.86279309 6760.65038428
 6878.39668891 7005.15399988 7139.92027328 7281.64845296 7429.25649806
 7581.63790562 7737.69429707 7896.29853272 8056.31606862 8216.649443  ]"
14,"[1.5  1.51 1.52 1.53 1.54 1.55 1.56 1.57 1.58 1.59 1.6  1.61 1.62 1.63
 1.64 1.65 1.66 1.67 1.68 1.69]","[0.14 0.14 0.14 0.14 0.14 0.14 0.14 0.14 0.14 0.14 0.14 0.14 0.14 0.14
 0.14 0.14 0.14 0.14 0.14 0.14]","[6529.65549456 6528.75745774 6541.6207514  6567.95970963 6607.40713755
 6659.53497591 6723.8415965  6799.67820571 6886.36718898 6983.18531802
 7089.31139817 7203.86674333 7325.93637176 7454.56452126 7588.763455
 7727.52269037 7869.81846581 8014.6232538  8160.93096958 8307.73718231]"
15,"[1.5  1.51 1.52 1.53 1.54 1.55 1.56 1.57 1.58 1.59 1.6  1.61 1.62 1.63
 1.64 1.65 1.66 1.67 1.68 1.69]","[0.15 0.15 0.15 0.15 0.15 0.15 0.15 0.15 0.15 0.15 0.15 0.15 0.15 0.15
 0.15 0.15 0.15 0.15 0.15 0.15]","[6794.61468838 6790.41576226 6799.01256286 6820.16924345 6853.52516537
 6898.65526846 6955.07402287 7022.26797615 7099.59154287 7186.34178487
 7281.77768138 7385.10723232 7495.49409167 7612.07813279 7733.95553558
 7860.1882307  7989.83937822 8121.96770597 8255.63579232 8389.91808574]"
16,"[1.5  1.51 1.52 1.53 1.54 1.55 1.56 1.57 1.58 1.59 1.6  1.61 1.62 1.63
 1.64 1.65 1.66 1.67 1.68 1.69]","[0.16 0.16 0.16 0.16 0.16 0.16 0.16 0.16 0.16 0.16 0.16 0.16 0.16 0.16
 0.16 0.16 0.16 0.16 0.16 0.16]","[7036.88652168 7029.73513361 7034.48754848 7050.89647505 7078.64648692
 7117.36423519 7166.62042277 7225.87525332 7294.58058714 7372.1105911
 7457.775399   7550.83690721 7650.52972762 7756.05466064 7866.58557893
 7981.27662289 8099.26958074 8219.70132071 8341.71114203 8464.4599994 ]"
17,"[1.5  1.51 1.52 1.53 1.54 1.55 1.56 1.57 1.58 1.59 1.6  1.61 1.62 1.63
 1.64 1.65 1.66 1.67 1.68 1.69]","[0.17 0.17 0.17 0.17 0.17 0.17 0.17 0.17 0.17 0.17 0.17 0.17 0.17 0.17
 0.17 0.17 0.17 0.17 0.17 0.17]","[7258.65731735 7248.84115995 7250.10435684 7262.21784775 7284.89012313
 7317.76829729 7360.43977431 7412.43453822 7473.25047833 7542.3211402
 7618.99824188 7702.63150305 7792.51019745 7887.89201866 7988.02018306
 8092.11951294 8199.40299342 8309.07838089 8420.35475144 8532.44888076]"
18,"[1.5  1.51 1.52 1.53 1.54 1.55 1.56 1.57 1.58 1.59 1.6  1.61 1.62 1.63
 1.64 1.65 1.66 1.67 1.68 1.69]","[0.18 0.18 0.18 0.18 0.18 0.18 0.18 0.18 0.18 0.18 0.18 0.18 0.18 0.18
 0.18 0.18 0.18 0.18 0.18 0.18]","[7461.86860229 7449.65790115 7447.76390051 7455.97496499 7474.0221408
 7501.58027268 7538.26964082 7583.6581407  7637.26401622 7698.55914251
 7766.9938341  7841.9716735  7922.81732046 8008.87469177 8099.44403751
 8193.80357339 8291.23093745 8390.99834882 8492.37846076 8594.65007802]"
19,"[1.5  1.51 1.52 1.53 1.54 1.55 1.56 1.57 1.58 1.59 1.6  1.61 1.62 1.63
 1.64 1.65 1.66 1.67 1.68 1.69]","[0.19 0.19 0.19 0.19 0.19 0.19 0.19 0.19 0.19 0.19 0.19 0.19 0.19 0.19
 0.19 0.19 0.19 0.19 0.19 0.19]","[7648.24305335 7633.89023805 7629.14813925 7633.82165776 7647.66301919
 7670.37290428 7701.60203774 7740.95325177 7787.98403014 7842.20952745
 7903.10604629 7970.13772862 8042.6954365  8120.16281669 8201.92473723
 8287.31408705 8375.67093878 8466.31221165 8558.56857873 8651.77558167]"
