,n space,k space,Chi Square Statistic
0,"[1.5  1.51 1.52 1.53 1.54 1.55 1.56 1.57 1.58 1.59 1.6  1.61 1.62 1.63
 1.64 1.65 1.66 1.67 1.68 1.69]",[0. 0. 0. 0. 0. 0. 0. 0. 0. 0. 0. 0. 0. 0. 0. 0. 0. 0. 0. 0.],"[3938.04317691 3868.87303846 3802.65280396 3741.21629068 3690.27615484
 3650.22678127 3630.73528953 3620.54605963 3621.15804682 3635.53470188
 3664.47610125 3718.97574914 3794.53977685 3926.33135832 4102.15312404
 4305.05146561 4560.58643262 4844.30774835 5172.27064713 5509.98811566]"
1,"[1.5  1.51 1.52 1.53 1.54 1.55 1.56 1.57 1.58 1.59 1.6  1.61 1.62 1.63
 1.64 1.65 1.66 1.67 1.68 1.69]","[0.01 0.01 0.01 0.01 0.01 0.01 0.01 0.01 0.01 0.01 0.01 0.01 0.01 0.01
 0.01 0.01 0.01 0.01 0.01 0.01]","[3942.12767881 3890.91995112 3845.81114171 3807.24320753 3775.08290197
 3750.19120684 3733.33790535 3725.11953029 3731.57646555 3751.97629634
 3794.88480053 3859.73526037 3968.9690811  4115.78949092 4282.07983078
 4491.18413465 4728.40345466 4995.85201664 5287.72890412 5579.12608434]"
2,"[1.5  1.51 1.52 1.53 1.54 1.55 1.56 1.57 1.58 1.59 1.6  1.61 1.62 1.63
 1.64 1.65 1.66 1.67 1.68 1.69]","[0.02 0.02 0.02 0.02 0.02 0.02 0.02 0.02 0.02 0.02 0.02 0.02 0.02 0.02
 0.02 0.02 0.02 0.02 0.02 0.02]","[4042.73799595 4001.67032602 3963.62064388 3930.85924544 3905.6374936
 3891.5922556  3885.69286258 3892.27525399 3917.75347436 3952.75146115
 4015.15606152 4113.29224381 4242.17574965 4382.12440589 4559.05019208
 4763.77213528 4989.39339364 5241.46942315 5498.2296303  5754.11423256]"
3,"[1.5  1.51 1.52 1.53 1.54 1.55 1.56 1.57 1.58 1.59 1.6  1.61 1.62 1.63
 1.64 1.65 1.66 1.67 1.68 1.69]","[0.03 0.03 0.03 0.03 0.03 0.03 0.03 0.03 0.03 0.03 0.03 0.03 0.03 0.03
 0.03 0.03 0.03 0.03 0.03 0.03]","[4153.07873867 4123.70135079 4100.73590585 4081.46418685 4072.1159004
 4069.2261729  4078.43299627 4097.13098465 4128.95850547 4191.45914122
 4286.45572919 4401.20662349 4523.8804106  4679.46933427 4860.18479999
 5054.18443957 5275.72321197 5507.21233351 5738.46224024 5968.90012934]"
4,"[1.5  1.51 1.52 1.53 1.54 1.55 1.56 1.57 1.58 1.59 1.6  1.61 1.62 1.63
 1.64 1.65 1.66 1.67 1.68 1.69]","[0.04 0.04 0.04 0.04 0.04 0.04 0.04 0.04 0.04 0.04 0.04 0.04 0.04 0.04
 0.04 0.04 0.04 0.04 0.04 0.04]","[4308.32280847 4285.16808687 4267.61514668 4256.73307486 4255.24226324
 4261.77646549 4277.16099143 4315.6717159  4380.79484443 4469.44378792
 4566.46031076 4673.64395137 4811.66605673 4971.7100717  5143.37766306
 5339.64590685 5551.10249348 5763.31680252 5974.63944172 6187.95372269]"
5,"[1.5  1.51 1.52 1.53 1.54 1.55 1.56 1.57 1.58 1.59 1.6  1.61 1.62 1.63
 1.64 1.65 1.66 1.67 1.68 1.69]","[0.05 0.05 0.05 0.05 0.05 0.05 0.05 0.05 0.05 0.05 0.05 0.05 0.05 0.05
 0.05 0.05 0.05 0.05 0.05 0.05]","[4460.17315208 4442.54259041 4431.47405984 4429.03451527 4437.02494281
 4464.83498248 4511.66763977 4576.15750278 4650.960281   4733.00044322
 4828.93359366 4952.17151164 5092.84241674 5244.2485344  5417.38669389
 5607.46116477 5800.29109082 5994.65017498 6188.64780323 6391.4573416 ]"
6,"[1.5  1.51 1.52 1.53 1.54 1.55 1.56 1.57 1.58 1.59 1.6  1.61 1.62 1.63
 1.64 1.65 1.66 1.67 1.68 1.69]","[0.06 0.06 0.06 0.06 0.06 0.06 0.06 0.06 0.06 0.06 0.06 0.06 0.06 0.06
 0.06 0.06 0.06 0.06 0.06 0.06]","[4625.66332183 4620.71863996 4623.91681634 4640.45785533 4669.55429094
 4711.21422169 4762.33023878 4822.4378908  4892.08433126 4981.82521298
 5088.55933555 5211.34747958 5345.14190354 5500.32079727 5670.15775921
 5844.90896076 6021.94945484 6200.00877301 6377.78836326 6570.07666464]"
7,"[1.5  1.51 1.52 1.53 1.54 1.55 1.56 1.57 1.58 1.59 1.6  1.61 1.62 1.63
 1.64 1.65 1.66 1.67 1.68 1.69]","[0.07 0.07 0.07 0.07 0.07 0.07 0.07 0.07 0.07 0.07 0.07 0.07 0.07 0.07
 0.07 0.07 0.07 0.07 0.07 0.07]","[4836.61498608 4837.73681098 4849.8569378  4871.59761561 4901.66418521
 4941.22641927 4990.16327677 5055.30326221 5134.23752096 5224.52544402
 5330.00779134 5449.68200982 5586.13910946 5736.99143804 5893.32822448
 6053.33724232 6215.7349549  6379.31999799 6548.78647448 6726.15172021]"
8,"[1.5  1.51 1.52 1.53 1.54 1.55 1.56 1.57 1.58 1.59 1.6  1.61 1.62 1.63
 1.64 1.65 1.66 1.67 1.68 1.69]","[0.08 0.08 0.08 0.08 0.08 0.08 0.08 0.08 0.08 0.08 0.08 0.08 0.08 0.08
 0.08 0.08 0.08 0.08 0.08 0.08]","[5049.27086265 5052.54488448 5063.5780469  5085.94754131 5120.50647578
 5163.75921146 5219.34204642 5284.45316379 5360.19727826 5450.00463589
 5559.41328577 5678.88020955 5811.61865756 5949.92996782 6092.80226511
 6239.181449   6387.95650516 6538.02578329 6699.59319319 6863.52253824]"
9,"[1.5  1.51 1.52 1.53 1.54 1.55 1.56 1.57 1.58 1.59 1.6  1.61 1.62 1.63
 1.64 1.65 1.66 1.67 1.68 1.69]","[0.09 0.09 0.09 0.09 0.09 0.09 0.09 0.09 0.09 0.09 0.09 0.09 0.09 0.09
 0.09 0.09 0.09 0.09 0.09 0.09]","[5261.22855007 5266.83937746 5281.00545249 5305.88838062 5339.48714605
 5381.45150186 5433.04990591 5495.86922969 5578.63205195 5672.16438298
 5777.25386813 5892.0837082  6013.09617083 6139.43083743 6270.10664776
 6404.07285687 6540.34462976 6681.31365211 6832.0392482  6985.67402505]"
10,"[1.5  1.51 1.52 1.53 1.54 1.55 1.56 1.57 1.58 1.59 1.6  1.61 1.62 1.63
 1.64 1.65 1.66 1.67 1.68 1.69]","[0.1 0.1 0.1 0.1 0.1 0.1 0.1 0.1 0.1 0.1 0.1 0.1 0.1 0.1 0.1 0.1 0.1 0.1
 0.1 0.1]","[5469.26510799 5474.49099961 5488.15859151 5510.08959288 5541.61863504
 5584.53889598 5643.50098916 5712.73703646 5792.53133961 5882.86811684
 5980.53927165 6084.79832145 6194.89570117 6310.01543299 6429.2682375
 6551.7669583  6676.60074759 6811.58256456 6950.0591642  7093.9629105 ]"
11,"[1.5  1.51 1.52 1.53 1.54 1.55 1.56 1.57 1.58 1.59 1.6  1.61 1.62 1.63
 1.64 1.65 1.66 1.67 1.68 1.69]","[0.11 0.11 0.11 0.11 0.11 0.11 0.11 0.11 0.11 0.11 0.11 0.11 0.11 0.11
 0.11 0.11 0.11 0.11 0.11 0.11]","[5671.41603845 5675.06953359 5688.67164296 5712.14176016 5747.11384266
 5794.01020508 5851.87341144 5918.32422802 5992.83189681 6074.79456115
 6163.56654395 6258.46681207 6358.77286661 6463.72750662 6572.55123432
 6684.47243399 6801.51005724 6927.8366462  7056.43229521 7189.62206241]"
12,"[1.5  1.51 1.52 1.53 1.54 1.55 1.56 1.57 1.58 1.59 1.6  1.61 1.62 1.63
 1.64 1.65 1.66 1.67 1.68 1.69]","[0.12 0.12 0.12 0.12 0.12 0.12 0.12 0.12 0.12 0.12 0.12 0.12 0.12 0.12
 0.12 0.12 0.12 0.12 0.12 0.12]","[5873.35262591 5877.09389347 5891.89814415 5917.22355714 5951.88949027
 5995.30270536 6047.09015683 6106.823496   6174.03805312 6248.20339793
 6328.72304294 6414.97534185 6506.3014376  6602.01116741 6701.38954034
 6803.95634    6916.3510705  7032.09900315 7152.7900723  7275.05187139]"
13,"[1.5  1.51 1.52 1.53 1.54 1.55 1.56 1.57 1.58 1.59 1.6  1.61 1.62 1.63
 1.64 1.65 1.66 1.67 1.68 1.69]","[0.13 0.13 0.13 0.13 0.13 0.13 0.13 0.13 0.13 0.13 0.13 0.13 0.13 0.13
 0.13 0.13 0.13 0.13 0.13 0.13]","[6070.2066609  6074.18037415 6087.28632027 6109.0606937  6139.26184574
 6177.70456862 6223.98536585 6277.6417164  6338.23013559 6405.26188034
 6478.23937045 6556.56374313 6639.63101058 6726.81091965 6817.45078659
 6914.97570712 7019.37311145 7126.52158877 7238.58317196 7350.71695824]"
14,"[1.5  1.51 1.52 1.53 1.54 1.55 1.56 1.57 1.58 1.59 1.6  1.61 1.62 1.63
 1.64 1.65 1.66 1.67 1.68 1.69]","[0.14 0.14 0.14 0.14 0.14 0.14 0.14 0.14 0.14 0.14 0.14 0.14 0.14 0.14
 0.14 0.14 0.14 0.14 0.14 0.14]","[6252.58342338 6254.74668664 6265.13978525 6283.58457836 6309.85549749
 6343.679823   6384.73843636 6432.66710069 6487.05830733 6547.52505735
 6613.529911   6684.54104578 6760.00568401 6839.33192571 6924.08338349
 7016.42943348 7111.80516965 7212.59059918 7315.1946594  7418.04330795]"
15,"[1.5  1.51 1.52 1.53 1.54 1.55 1.56 1.57 1.58 1.59 1.6  1.61 1.62 1.63
 1.64 1.65 1.66 1.67 1.68 1.69]","[0.15 0.15 0.15 0.15 0.15 0.15 0.15 0.15 0.15 0.15 0.15 0.15 0.15 0.15
 0.15 0.15 0.15 0.15 0.15 0.15]","[6418.9154788  6419.13670836 6427.02348342 6442.40014494 6465.04995718
 6494.71990012 6531.11476466 6573.89844027 6622.6956855  6677.09439704
 6736.64837766 6800.88058789 6869.29426657 6942.85939449 7023.30553508
 7108.30820658 7197.37940935 7290.41193738 7384.35029687 7478.54964585]"
16,"[1.5  1.51 1.52 1.53 1.54 1.55 1.56 1.57 1.58 1.59 1.6  1.61 1.62 1.63
 1.64 1.65 1.66 1.67 1.68 1.69]","[0.16 0.16 0.16 0.16 0.16 0.16 0.16 0.16 0.16 0.16 0.16 0.16 0.16 0.16
 0.16 0.16 0.16 0.16 0.16 0.16]","[6570.56930448 6569.03254807 6574.60887965 6587.15195429 6606.47258704
 6632.32224747 6664.42809262 6702.48009923 6746.13275158 6795.00715499
 6848.6935736  6906.75437865 6970.09258875 7039.40924144 7114.2385718
 7192.35205352 7275.7720675  7360.71915964 7446.59489469 7532.80667704]"
17,"[1.5  1.51 1.52 1.53 1.54 1.55 1.56 1.57 1.58 1.59 1.6  1.61 1.62 1.63
 1.64 1.65 1.66 1.67 1.68 1.69]","[0.17 0.17 0.17 0.17 0.17 0.17 0.17 0.17 0.17 0.17 0.17 0.17 0.17 0.17
 0.17 0.17 0.17 0.17 0.17 0.17]","[6709.0338483  6705.86766033 6709.34500876 6719.29561022 6735.54283837
 6757.88482076 6786.05100431 6819.75554328 6858.68031347 6902.47687894
 6950.76882164 7004.91614223 7064.00218024 7128.96974013 7196.96606762
 7270.9163714  7346.91647903 7424.41020935 7502.8477832  7581.68421137]"
18,"[1.5  1.51 1.52 1.53 1.54 1.55 1.56 1.57 1.58 1.59 1.6  1.61 1.62 1.63
 1.64 1.65 1.66 1.67 1.68 1.69]","[0.18 0.18 0.18 0.18 0.18 0.18 0.18 0.18 0.18 0.18 0.18 0.18 0.18 0.18
 0.18 0.18 0.18 0.18 0.18 0.18]","[6835.58303625 6830.9515451  6832.49011734 6840.07811362 6853.52401863
 6872.6293968  6897.1808933  6926.89449964 6961.47733573 7000.95388822
 7046.55478762 7096.2902812  7151.8385924  7210.65929859 7275.35305583
 7342.52604903 7411.68166176 7482.30506577 7553.88110615 7625.90823485]"
19,"[1.5  1.51 1.52 1.53 1.54 1.55 1.56 1.57 1.58 1.59 1.6  1.61 1.62 1.63
 1.64 1.65 1.66 1.67 1.68 1.69]","[0.19 0.19 0.19 0.19 0.19 0.19 0.19 0.19 0.19 0.19 0.19 0.19 0.19 0.19
 0.19 0.19 0.19 0.19 0.19 0.19]","[6951.34584435 6945.39990356 6945.18720475 6950.59994383 6961.48839958
 6977.64803867 6998.86614562 7025.25839639 7057.51884685 7094.22475654
 7135.48873186 7182.08210931 7232.59907148 7288.41051786 7347.02092905
 7407.97750052 7470.81977955 7535.09887936 7600.34571143 7666.08671473]"
