,Theta,Input Phase Function
0,2.5,320.258202277787
1,3.0,206.60652634534057
2,3.5,450.0055110873999
3,4.0,535.0622282242944
4,4.5,413.9385858350834
5,5.0,126.5017296873601
6,5.5,182.23564514829062
7,6.0,175.25950973906305
8,6.5,537.3392380298956
9,7.0,368.64052493834373
10,7.5,320.9374125429151
11,8.0,325.6377100710036
12,8.5,493.3731857382866
13,9.0,248.2063765295986
14,9.5,255.39272785671673
15,10.0,308.05166995677706
16,10.5,319.28230839982865
17,11.0,367.77123036218507
18,11.5,449.62550352191056
19,12.0,265.8658598697773
20,12.5,220.145259809093
21,13.0,227.51724932272086
22,13.5,222.34763821706062
23,14.0,239.2075040389004
24,14.5,291.99423334189476
25,15.0,226.26766482226273
26,15.5,142.05479733812132
27,16.0,203.15095778971326
28,16.5,199.36643860600876
29,17.0,63.532907143180765
30,17.5,238.19259715281504
31,18.0,228.36810988108144
32,18.5,164.29691632601794
33,19.0,157.91650372115282
34,19.5,195.64879984415037
35,20.0,242.33395243680081
36,20.5,111.9205153228598
37,21.0,193.5614064334705
38,21.5,130.02281470142
39,22.0,204.73565306642155
40,22.5,104.28823781895196
41,23.0,119.26928339111439
42,23.5,78.87098419669947
43,24.0,172.87464240722346
44,24.5,34.33734058873854
45,25.0,70.56002814238472
46,25.5,105.77735538892608
47,26.0,123.0613195002166
48,26.5,98.27296674733071
49,27.0,28.467129560791008
50,27.5,90.91001912009853
51,28.0,94.35719114958385
52,28.5,70.79856204235432
53,29.0,75.49991156404431
54,29.5,33.91114273196078
55,30.0,52.79785526916564
56,30.5,54.51497387687937
57,31.0,21.77470576173472
58,31.5,49.9790329133793
59,32.0,21.065089023923527
60,32.5,22.449034553376546
61,33.0,38.08146548419044
62,33.5,32.696059277063455
63,34.0,28.77387641699441
64,34.5,31.812670875637796
65,35.0,30.520566122388672
66,35.5,19.23716431504408
67,36.0,33.49530636503176
68,36.5,15.820474566710226
69,37.0,17.730142077137884
70,37.5,23.71748897054003
71,38.0,8.410307257696763
72,38.5,18.169796816147382
73,39.0,16.282612008707726
74,39.5,28.936259080361683
75,40.0,13.41919898446548
76,40.5,14.179616444468781
77,41.0,11.993375457613642
78,41.5,12.49999514354155
79,42.0,8.083523165411243
80,42.5,6.406286569042213
81,43.0,12.142528421740248
82,43.5,12.857470358722686
83,44.0,8.296398518327113
84,44.5,9.973504179057807
85,45.0,14.217659449976132
86,45.5,12.046798798729066
87,46.0,10.570554012096444
88,46.5,22.13146112946815
89,47.0,9.641788142700168
90,47.5,13.769769159557951
91,48.0,6.191234464493163
92,48.5,12.696003065889924
93,49.0,6.883459991230381
94,49.5,16.88906706918313
95,50.0,25.074042217940576
96,50.5,20.05924370398837
97,51.0,9.876585552105649
98,51.5,15.482429876156873
99,52.0,15.358855664881885
100,52.5,24.432589904242022
101,53.0,18.893408212724093
102,53.5,23.4554868423334
103,54.0,13.503550322220397
104,54.5,12.776136252394013
105,55.0,20.160249590938363
106,55.5,17.68691111005711
107,56.0,22.114319236000192
108,56.5,18.417705452620723
109,57.0,17.193170064154053
110,57.5,18.629007805408843
111,58.0,16.127638866788278
112,58.5,22.78495033018607
113,59.0,21.812869153922055
114,59.5,9.683888370140227
115,60.0,17.548652697025837
116,60.5,17.948640975942638
117,61.0,23.68550298984586
118,61.5,25.323211552989065
119,62.0,15.522598278390268
120,62.5,6.351753205452095
121,63.0,10.852435431572523
122,63.5,14.287347211850916
123,64.0,18.16707408289047
124,64.5,10.093285744076095
125,65.0,11.652566067699127
126,65.5,12.197637021616137
127,66.0,10.65920302052089
128,66.5,10.663194717188702
129,67.0,10.777043868337419
130,67.5,11.078182092314703
131,68.0,9.17399511601257
132,68.5,7.718247106953193
133,69.0,7.213009750829162
134,69.5,8.54386019535206
135,70.0,9.91003374006644
136,70.5,7.26938261645908
137,71.0,12.27739970456381
138,71.5,8.580332836172296
139,72.0,11.968572534993314
140,72.5,6.960259344287451
141,73.0,10.359149324979354
142,73.5,2.3538115029439615
143,74.0,8.635106356397046
144,74.5,4.82326425510471
145,75.0,7.857190293462971
146,75.5,11.106931617107218
147,76.0,7.45442027425994
148,76.5,4.684970212604572
149,77.0,3.3306640143761226
150,77.5,7.148656074210466
151,78.0,0.9901030285501742
152,78.5,4.687634999008386
153,79.0,5.194565970950139
154,79.5,5.327723679182355
155,80.0,4.131483262919591
156,80.5,4.360950184737603
157,81.0,4.377240913389105
158,81.5,4.47808509221785
159,82.0,5.393462273042626
160,82.5,2.785770121883237
161,83.0,3.5416147847925474
162,83.5,4.234262911060797
163,84.0,4.423578643903065
164,84.5,4.115525849187882
165,85.0,3.782432349089217
166,85.5,3.539490536527116
167,86.0,3.7062026688047616
168,86.5,3.831039468399127
169,87.0,5.705542041631633
170,87.5,3.9083097647026364
171,88.0,3.9024750021048953
172,88.5,5.489024745286928
173,89.0,2.893786802423554
174,89.5,3.6233806295943687
175,90.0,4.013313010586922
176,90.5,3.2873385769927674
177,91.0,2.97365879362188
178,91.5,4.842518459935972
179,92.0,2.7679800619943276
180,92.5,5.0408905260721735
181,93.0,4.808882536532859
182,93.5,3.3615580961524385
183,94.0,4.6535737138450814
184,94.5,5.824029938042008
185,95.0,3.306767346213149
186,95.5,2.6625683415786954
187,96.0,6.043567304486423
188,96.5,4.2617733274387835
189,97.0,7.327209441210776
190,97.5,4.809347284519559
191,98.0,4.300676371453738
192,98.5,2.3986228028140744
193,99.0,4.637454190141388
194,99.5,5.694593031387767
195,100.0,5.355101392049173
196,100.5,6.043113689619344
197,101.0,4.379847651610074
198,101.5,3.396839661398046
199,102.0,4.133023970631585
200,102.5,5.002650423063337
201,103.0,5.480118468460451
202,103.5,2.8725387992861844
203,104.0,3.5766193226557803
204,104.5,2.6315889827196584
205,105.0,3.9954144766623667
206,105.5,2.6373472396056648
207,106.0,3.9819943485210962
208,106.5,2.8548825603828107
209,107.0,4.780132044062299
210,107.5,3.149337208673384
211,108.0,2.8273302127109123
212,108.5,2.236559479420798
213,109.0,3.7760941265841965
214,109.5,2.791291017737252
215,110.0,3.9087814577345816
216,110.5,2.8287431282443634
217,111.0,3.974423387974926
218,111.5,1.0933539239037398
219,112.0,1.9490283595005669
220,112.5,2.7418039217267607
221,113.0,0.4736801881170354
222,113.5,2.9363297901168264
223,114.0,2.670493635943201
224,114.5,2.6228322074827526
225,115.0,1.6260937350656277
226,115.5,0.9011383211550349
227,116.0,2.375604905163726
228,116.5,2.05478535852796
229,117.0,1.1752198744921305
230,117.5,0.5554212163504795
231,118.0,2.372899570913207
232,118.5,1.0993614902794522
233,119.0,1.378982833592878
234,119.5,1.608968186394651
235,120.0,1.5031481273244396
236,120.5,0.5561792679669886
237,121.0,1.2920679941977535
238,121.5,0.990675704501544
239,122.0,1.8815116784790697
240,122.5,1.2702259770435556
241,123.0,1.875513749739077
242,123.5,3.1413371196040156
243,124.0,2.342763694510375
244,124.5,2.1875173773553254
245,125.0,3.1467911434914533
246,125.5,2.3646174172250336
247,126.0,3.1480446625453204
248,126.5,2.87720045256761
249,127.0,4.367263329835106
250,127.5,2.6510174881439346
251,128.0,0.6389628140084707
252,128.5,3.8534136049759886
253,129.0,6.2354131551204155
254,129.5,4.239120531583731
255,130.0,2.498226126618755
256,130.5,2.5419993938712193
257,131.0,4.455173468057141
258,131.5,5.050635668653125
259,132.0,2.805306654136968
260,132.5,4.91051811347005
261,133.0,3.8320181090690104
262,133.5,4.659853763261939
263,134.0,5.885649073097161
264,134.5,4.759920909585007
265,135.0,6.756150782046198
266,135.5,4.878762331372547
267,136.0,4.697136843958622
268,136.5,3.6096255445969794
269,137.0,5.14554323159372
270,137.5,5.9954545435332545
271,138.0,5.464102566097772
272,138.5,2.553705317851001
273,139.0,11.235926915934657
274,139.5,8.176418207339735
275,140.0,6.294169501718455
276,140.5,8.347196882113831
277,141.0,3.39904751693219
278,141.5,4.097051139764211
279,142.0,7.714855361554394
280,142.5,8.247614238782829
281,143.0,5.151165839149794
282,143.5,3.7449267764987177
283,144.0,1.50180996500651
284,144.5,1.3844845157277295
285,145.0,3.578100309642916
286,145.5,8.47405766260435
287,146.0,8.086529424370202
288,146.5,8.191093396047608
289,147.0,8.617514466436992
290,147.5,4.011517419391633
291,148.0,7.087091487424693
292,148.5,6.078917680672802
293,149.0,5.199820650929404
294,149.5,4.517889036266751
295,150.0,6.647593200603886
296,150.5,9.308098589510163
297,151.0,3.6066300705098633
298,151.5,7.0495584809245475
299,152.0,2.2454884657026537
300,152.5,3.271054389816493
301,153.0,6.376004032186827
302,153.5,5.889980314095001
303,154.0,3.4099085735784103
304,154.5,8.310276099657946
305,155.0,6.373129667708246
306,155.5,6.644395395453333
307,156.0,1.3181796137533777
308,156.5,9.438865423933983
309,157.0,2.5132914998393607
310,157.5,8.69506146321717
311,158.0,6.910919421774596
312,158.5,7.382388607292869
313,159.0,8.054320518855409
314,159.5,6.196557024391713
315,160.0,6.546510110348125
316,160.5,5.6857372765498795
317,161.0,6.648022471601531
318,161.5,5.353265994921597
319,162.0,1.6725509251519126
320,162.5,8.640675920399278
321,163.0,9.223481733207596
322,163.5,10.698659851817375
323,164.0,8.775682005529996
324,164.5,7.8212948968889355
325,165.0,10.554348385944623
326,165.5,12.457909272806425
327,166.0,8.226474402923966
328,166.5,8.531938472614042
329,167.0,10.889140563338835
330,167.5,9.707788325336736
331,168.0,9.686451059285531
332,168.5,9.924443053334087
333,169.0,6.77476978717021
334,169.5,10.1703093282732
335,170.0,11.142592304941962
336,170.5,6.157171876368374
337,171.0,12.49404805213736
338,171.5,13.538052457139582
339,172.0,12.67564464066535
340,172.5,5.482466995851398
341,173.0,9.41079323150959
342,173.5,10.397207475806034
343,174.0,5.127107597169662
344,174.5,14.85071536993642
345,175.0,10.86079864320428
346,175.5,9.604035498021705
347,176.0,8.184770416604366
348,176.5,13.637064875236057
349,177.0,11.403926186343995
350,177.5,11.870237595359795
