,Theta,Input Phase Function
0,5.0,319.1145779371246
1,5.5,315.6075411525091
2,6.0,312.51054989314997
3,6.5,309.2739405295562
4,7.0,304.5677313524922
5,7.5,300.34299309448267
6,8.0,296.1188330558861
7,8.5,291.3620507934039
8,9.0,286.74710260945835
9,9.5,281.50821056062017
10,10.0,276.53712275746767
11,10.5,270.87104723198144
12,11.0,265.32952405251996
13,11.5,259.6324193700055
14,12.0,254.68621332796647
15,12.5,247.66458561219883
16,13.0,241.95154555140272
17,13.5,235.35186146402725
18,14.0,229.6034981896806
19,14.5,222.8089760419915
20,15.0,216.6068481033954
21,15.5,210.11378098398347
22,16.0,203.49484328235255
23,16.5,197.29393599885606
24,17.0,190.60514015220332
25,17.5,183.98300567397473
26,18.0,177.68929039185537
27,18.5,171.24803448045046
28,19.0,164.66617834139387
29,19.5,158.77903225728073
30,20.0,152.2586980914171
31,20.5,146.12282907386117
32,21.0,139.85514235896758
33,21.5,133.85298962031962
34,22.0,128.18223476934716
35,22.5,122.13145358359579
36,23.0,116.4903548528478
37,23.5,110.98964814550219
38,24.0,105.40218857725844
39,24.5,100.06618096127627
40,25.0,95.01869323819311
41,25.5,89.87146358327534
42,26.0,85.24584183696669
43,26.5,80.43520180525486
44,27.0,76.08319170011853
45,27.5,71.70760063879887
46,28.0,67.32398572916479
47,28.5,63.353772442520736
48,29.0,59.571094546919106
49,29.5,55.90386044578826
50,30.0,52.38722396948486
51,30.5,49.01263026100742
52,31.0,45.94005505965994
53,31.5,42.801480715818364
54,32.0,39.981220540280155
55,32.5,37.2651249335339
56,33.0,34.878695381963006
57,33.5,32.47432794746778
58,34.0,30.283193399603636
59,34.5,28.2961275999495
60,35.0,26.355760164417262
61,35.5,24.625875916564794
62,36.0,23.059423171734455
63,36.5,21.63349908316391
64,37.0,20.278587488836475
65,37.5,19.027701616352427
66,38.0,17.993215820339863
67,38.5,17.015507900870144
68,39.0,16.167760790863138
69,39.5,15.423619112064904
70,40.0,14.718389052990826
71,40.5,14.17381105106206
72,41.0,13.730092716310379
73,41.5,13.312347094355795
74,42.0,13.0046993594887
75,42.5,12.74935656907433
76,43.0,12.590458953035537
77,43.5,12.493457743707312
78,44.0,12.379257588752061
79,44.5,12.381817570706678
80,45.0,12.390686697750173
81,45.5,12.485585970811153
82,46.0,12.570278799322296
83,46.5,12.687799522137526
84,47.0,12.854036938527896
85,47.5,13.026287006124946
86,48.0,13.20560914423208
87,48.5,13.415596688771393
88,49.0,13.636450018398257
89,49.5,13.858366064482942
90,50.0,14.067749400547015
91,50.5,14.26778934745554
92,51.0,14.499875071918948
93,51.5,14.712565089668683
94,52.0,14.894221237475389
95,52.5,15.123046605600988
96,53.0,15.302411721921482
97,53.5,15.391628979077492
98,54.0,15.540989901836705
99,54.5,15.663496814093236
100,55.0,15.801810622377532
101,55.5,15.848328530049802
102,56.0,15.889610550780885
103,56.5,15.917522704272645
104,57.0,15.976398217211914
105,57.5,15.931782600093115
106,58.0,15.906857570870285
107,58.5,15.849735208278643
108,59.0,15.769115171430885
109,59.5,15.669525965040659
110,60.0,15.521551485569352
111,60.5,15.410003418601981
112,61.0,15.233123994639245
113,61.5,15.028260948191885
114,62.0,14.874401357404015
115,62.5,14.610581826401274
116,63.0,14.350642737228698
117,63.5,14.120301771285531
118,64.0,13.867606586865655
119,64.5,13.564691052479029
120,65.0,13.263517683155346
121,65.5,12.939762613785152
122,66.0,12.635859829327115
123,66.5,12.324275985967041
124,67.0,11.99881003394024
125,67.5,11.642807212989714
126,68.0,11.29220276343542
127,68.5,10.945893346550916
128,69.0,10.606079153561502
129,69.5,10.25703209493145
130,70.0,9.910896794919022
131,70.5,9.583456231995228
132,71.0,9.21334079936059
133,71.5,8.882212736905103
134,72.0,8.536259288408836
135,72.5,8.22420422281691
136,73.0,7.903910886059223
137,73.5,7.597437893656046
138,74.0,7.285542711734475
139,74.5,7.002149545311429
140,75.0,6.731095628685242
141,75.5,6.448548280225662
142,76.0,6.190315896346311
143,76.5,5.952317028422107
144,77.0,5.718417182713403
145,77.5,5.505922017830982
146,78.0,5.293199164252674
147,78.5,5.11147901885713
148,79.0,4.928869778585063
149,79.5,4.756640712021466
150,80.0,4.618441037062684
151,80.5,4.482419820148868
152,81.0,4.361319203530557
153,81.5,4.247373683483218
154,82.0,4.150093135893255
155,82.5,4.065696770968594
156,83.0,3.9992848355536794
157,83.5,3.9339972425636773
158,84.0,3.891640188109907
159,84.5,3.8472906872551995
160,85.0,3.833848682073669
161,85.5,3.8119841159608114
162,86.0,3.8026801431336725
163,86.5,3.8098202799789163
164,87.0,3.8108106037001783
165,87.5,3.833394326788281
166,88.0,3.850956089236942
167,88.5,3.8769097553878886
168,89.0,3.9173206443089685
169,89.5,3.9419591841016683
170,90.0,3.9893162491979424
171,90.5,4.032351455406511
172,91.0,4.066596405590518
173,91.5,4.114997220960325
174,92.0,4.164566100565926
175,92.5,4.20626362963843
176,93.0,4.250806381424131
177,93.5,4.291409010033076
178,94.0,4.328140419380987
179,94.5,4.360619712915476
180,95.0,4.391793762770592
181,95.5,4.414898497160193
182,96.0,4.439591269274037
183,96.5,4.4502630560215835
184,97.0,4.471042000163333
185,97.5,4.471143624371477
186,98.0,4.4696841336370525
187,98.5,4.4672289846331745
188,99.0,4.444124482086606
189,99.5,4.437417676747421
190,100.0,4.394492262646531
191,100.5,4.370483507096864
192,101.0,4.3221175958397495
193,101.5,4.281501211087897
194,102.0,4.2178304376665725
195,102.5,4.173852488674702
196,103.0,4.099080324204288
197,103.5,4.028460504244409
198,104.0,3.9513398042878363
199,104.5,3.8625730820092397
200,105.0,3.779810074294758
201,105.5,3.689881232277523
202,106.0,3.58830056383932
203,106.5,3.494009868293767
204,107.0,3.3937852114405507
205,107.5,3.2878700679275488
206,108.0,3.184086921584098
207,108.5,3.070926717442408
208,109.0,2.968559299379866
209,109.5,2.8630295632185763
210,110.0,2.7597411218481347
211,110.5,2.656090880320002
212,111.0,2.5553299483331084
213,111.5,2.4534191239150522
214,112.0,2.3609364973148743
215,112.5,2.2730982627210907
216,113.0,2.178678209341963
217,113.5,2.1036282916829996
218,114.0,2.0287507272932666
219,114.5,1.9628645846133452
220,115.0,1.8973145839491432
221,115.5,1.8450144647677706
222,116.0,1.7968027672028812
223,116.5,1.760422953472329
224,117.0,1.7294574756042345
225,117.5,1.71074149928804
226,118.0,1.6989801022406252
227,118.5,1.6980400372945648
228,119.0,1.7048992826995581
229,119.5,1.7211561442488252
230,120.0,1.7469467742490457
231,120.5,1.7851114072907908
232,121.0,1.832457568649094
233,121.5,1.8836016553559567
234,122.0,1.9451765536782017
235,122.5,2.0232203766708245
236,123.0,2.1041760389741913
237,123.5,2.191505706504398
238,124.0,2.289402360536926
239,124.5,2.3944011078307863
240,125.0,2.5075692566040715
241,125.5,2.6314389388366406
242,126.0,2.7537986295735646
243,126.5,2.889978275680017
244,127.0,3.0220027274176906
245,127.5,3.164784222015331
246,128.0,3.306920878978491
247,128.5,3.4560728721963496
248,129.0,3.6045265510518925
249,129.5,3.7589330032454007
250,130.0,3.91284839816475
251,130.5,4.057248796095997
252,131.0,4.217304421550363
253,131.5,4.3768899424812995
254,132.0,4.523018717718525
255,132.5,4.666211027367014
256,133.0,4.812036138982272
257,133.5,4.951491215163181
258,134.0,5.08596667968188
259,134.5,5.218581949601693
260,135.0,5.358007076478487
261,135.5,5.4719981841604755
262,136.0,5.5873275093797625
263,136.5,5.692328776148503
264,137.0,5.79262723969934
265,137.5,5.879690501838997
266,138.0,5.961974558017969
267,138.5,6.056726434459697
268,139.0,6.119757047688236
269,139.5,6.1869908132217235
270,140.0,6.2451879100306495
271,140.5,6.277368526282126
272,141.0,6.306945684256496
273,141.5,6.339415416263922
274,142.0,6.366560022081159
275,142.5,6.386412200919853
276,143.0,6.386602851118416
277,143.5,6.373159376341804
278,144.0,6.376291599898695
279,144.5,6.355637893163789
280,145.0,6.334528308368582
281,145.5,6.308424122319634
282,146.0,6.268114119772999
283,146.5,6.242955432256713
284,147.0,6.195828202627082
285,147.5,6.162346790984494
286,148.0,6.111171295304513
287,148.5,6.0769698960100795
288,149.0,6.021211186079301
289,149.5,5.971070353998985
290,150.0,5.9132385519874635
291,150.5,5.875951717807197
292,151.0,5.838681387422805
293,151.5,5.780808672576489
294,152.0,5.758470210227381
295,152.5,5.717215323038697
296,153.0,5.687948706188247
297,153.5,5.67068714474558
298,154.0,5.641837516165395
299,154.5,5.634530696609541
300,155.0,5.615263453269543
301,155.5,5.619775453364274
302,156.0,5.632449870627753
303,156.5,5.6517796572386425
304,157.0,5.682181192996831
305,157.5,5.716213326522972
306,158.0,5.751472343157169
307,158.5,5.807374952773651
308,159.0,5.880616104057563
309,159.5,5.9390603043003365
310,160.0,6.015754520827555
311,160.5,6.112174372520573
312,161.0,6.21562403392356
313,161.5,6.3171128291021255
314,162.0,6.439915771430763
315,162.5,6.559857875635588
316,163.0,6.7037328625458095
317,163.5,6.846236222825484
318,164.0,6.98166165187317
319,164.5,7.1401401430557305
320,165.0,7.304242853319222
321,165.5,7.464596780626092
322,166.0,7.639551524276052
323,166.5,7.822740165113936
324,167.0,8.000724320248406
325,167.5,8.17421356847835
326,168.0,8.357340476903909
327,168.5,8.556564237417419
328,169.0,8.73281028877482
329,169.5,8.948906603049172
330,170.0,9.1002270622021
331,170.5,9.299918788171396
332,171.0,9.457009900502577
333,171.5,9.624406685467132
334,172.0,9.809453122328343
335,172.5,9.961995467117113
336,173.0,10.124891343775715
337,173.5,10.28972255571574
338,174.0,10.411176954234751
339,174.5,10.561478938369499
340,175.0,10.679692994530136
