,n space,k space,Chi Square Statistic
0,"[1.5  1.51 1.52 1.53 1.54 1.55 1.56 1.57 1.58 1.59 1.6  1.61 1.62 1.63
 1.64 1.65 1.66 1.67 1.68 1.69]",[0. 0. 0. 0. 0. 0. 0. 0. 0. 0. 0. 0. 0. 0. 0. 0. 0. 0. 0. 0.],"[1240.94524133 1187.80923479 1134.64731783 1085.25227047 1040.55894052
  998.24232944  962.76848885  934.1534575   916.55940905  904.58706427
  902.8176474   912.26412594  931.00386587  972.7209087  1022.01735357
 1076.37696413 1139.01643598 1209.82726883 1282.4935326  1353.65194359]"
1,"[1.5  1.51 1.52 1.53 1.54 1.55 1.56 1.57 1.58 1.59 1.6  1.61 1.62 1.63
 1.64 1.65 1.66 1.67 1.68 1.69]","[0.01 0.01 0.01 0.01 0.01 0.01 0.01 0.01 0.01 0.01 0.01 0.01 0.01 0.01
 0.01 0.01 0.01 0.01 0.01 0.01]","[1208.95408239 1159.19397386 1109.775629   1064.81919282 1024.93121976
  991.39887838  965.74247418  948.0852198   936.58321203  936.06297901
  943.51059113  960.02326084  997.00828302 1038.03405009 1086.52703162
 1142.51211161 1206.80318925 1272.20637502 1337.26144562 1401.22152652]"
2,"[1.5  1.51 1.52 1.53 1.54 1.55 1.56 1.57 1.58 1.59 1.6  1.61 1.62 1.63
 1.64 1.65 1.66 1.67 1.68 1.69]","[0.02 0.02 0.02 0.02 0.02 0.02 0.02 0.02 0.02 0.02 0.02 0.02 0.02 0.02
 0.02 0.02 0.02 0.02 0.02 0.02]","[1210.99797633 1169.57578207 1130.91913568 1097.98793526 1069.86293654
 1046.19041309 1026.83073204 1017.10945851 1014.63912903 1020.85869751
 1035.81114872 1067.55476733 1104.38840863 1146.54268117 1195.92125306
 1254.13751894 1313.10393264 1372.35617628 1431.73312327 1490.53971363]"
3,"[1.5  1.51 1.52 1.53 1.54 1.55 1.56 1.57 1.58 1.59 1.6  1.61 1.62 1.63
 1.64 1.65 1.66 1.67 1.68 1.69]","[0.03 0.03 0.03 0.03 0.03 0.03 0.03 0.03 0.03 0.03 0.03 0.03 0.03 0.03
 0.03 0.03 0.03 0.03 0.03 0.03]","[1249.19451674 1215.96207397 1187.63277385 1161.62012105 1141.79805205
 1127.95122186 1120.53189481 1117.86576498 1120.5678474  1137.42869486
 1164.76039568 1195.70091177 1232.19808708 1275.77639669 1327.52161376
 1380.52919453 1434.29175159 1488.55373909 1542.8510737  1596.66219953]"
4,"[1.5  1.51 1.52 1.53 1.54 1.55 1.56 1.57 1.58 1.59 1.6  1.61 1.62 1.63
 1.64 1.65 1.66 1.67 1.68 1.69]","[0.04 0.04 0.04 0.04 0.04 0.04 0.04 0.04 0.04 0.04 0.04 0.04 0.04 0.04
 0.04 0.04 0.04 0.04 0.04 0.04]","[1311.21491115 1287.10865546 1267.32158552 1249.63029155 1236.08597352
 1226.30749043 1223.50328622 1227.55614546 1244.61479697 1267.08967161
 1292.51955522 1323.70237603 1361.77090842 1407.28632721 1454.35474144
 1502.99241856 1552.61687562 1602.69660647 1652.92124521 1704.97141695]"
5,"[1.5  1.51 1.52 1.53 1.54 1.55 1.56 1.57 1.58 1.59 1.6  1.61 1.62 1.63
 1.64 1.65 1.66 1.67 1.68 1.69]","[0.05 0.05 0.05 0.05 0.05 0.05 0.05 0.05 0.05 0.05 0.05 0.05 0.05 0.05
 0.05 0.05 0.05 0.05 0.05 0.05]","[1387.53007092 1370.64603978 1355.30207929 1342.15660044 1334.06199843
 1331.3039832  1338.85663887 1352.05989816 1369.10906568 1389.44125825
 1415.35360028 1448.41155552 1488.14717967 1529.67396932 1572.83719714
 1617.22988919 1662.67656997 1708.69013953 1754.98511449 1805.73194514]"
6,"[1.5  1.51 1.52 1.53 1.54 1.55 1.56 1.57 1.58 1.59 1.6  1.61 1.62 1.63
 1.64 1.65 1.66 1.67 1.68 1.69]","[0.06 0.06 0.06 0.06 0.06 0.06 0.06 0.06 0.06 0.06 0.06 0.06 0.06 0.06
 0.06 0.06 0.06 0.06 0.06 0.06]","[1464.12926533 1451.20252673 1441.38581547 1437.78974658 1440.05158146
 1446.26660939 1456.35783047 1469.10201411 1485.62994506 1506.6457934
 1534.81609713 1568.82920906 1604.97125354 1642.89603773 1682.34834979
 1723.11173371 1764.845798   1807.66818267 1850.92230356 1900.59019397]"
7,"[1.5  1.51 1.52 1.53 1.54 1.55 1.56 1.57 1.58 1.59 1.6  1.61 1.62 1.63
 1.64 1.65 1.66 1.67 1.68 1.69]","[0.07 0.07 0.07 0.07 0.07 0.07 0.07 0.07 0.07 0.07 0.07 0.07 0.07 0.07
 0.07 0.07 0.07 0.07 0.07 0.07]","[1544.79081235 1540.11409897 1538.95560952 1540.14635659 1545.23094723
 1552.77515014 1562.61923319 1576.59563141 1593.62612186 1618.36659708
 1647.26527209 1678.24910661 1711.14817138 1745.74888026 1781.92319176
 1819.93251872 1858.86966843 1898.39579286 1940.34167585 1986.26132908]"
8,"[1.5  1.51 1.52 1.53 1.54 1.55 1.56 1.57 1.58 1.59 1.6  1.61 1.62 1.63
 1.64 1.65 1.66 1.67 1.68 1.69]","[0.08 0.08 0.08 0.08 0.08 0.08 0.08 0.08 0.08 0.08 0.08 0.08 0.08 0.08
 0.08 0.08 0.08 0.08 0.08 0.08]","[1634.12436211 1631.58874672 1632.19326231 1635.05477796 1640.06028998
 1647.7410124  1659.32847263 1673.77878817 1695.43080599 1720.2163532
 1747.08151888 1775.82489723 1806.26887249 1838.63862995 1872.43544877
 1907.32663207 1943.07993659 1979.49093489 2020.23165255 2062.59800696]"
9,"[1.5  1.51 1.52 1.53 1.54 1.55 1.56 1.57 1.58 1.59 1.6  1.61 1.62 1.63
 1.64 1.65 1.66 1.67 1.68 1.69]","[0.09 0.09 0.09 0.09 0.09 0.09 0.09 0.09 0.09 0.09 0.09 0.09 0.09 0.09
 0.09 0.09 0.09 0.09 0.09 0.09]","[1716.85745076 1715.42596512 1716.24236402 1719.15892197 1725.89011612
 1734.70778891 1747.34934239 1766.13783782 1787.06014923 1809.99376457
 1834.83171968 1861.74220362 1890.44209716 1920.51166172 1951.75719457
 1983.97290239 2016.94259658 2051.01372044 2089.95446407 2128.91350741]"
10,"[1.5  1.51 1.52 1.53 1.54 1.55 1.56 1.57 1.58 1.59 1.6  1.61 1.62 1.63
 1.64 1.65 1.66 1.67 1.68 1.69]","[0.1 0.1 0.1 0.1 0.1 0.1 0.1 0.1 0.1 0.1 0.1 0.1 0.1 0.1 0.1 0.1 0.1 0.1
 0.1 0.1]","[1792.33434755 1791.41421594 1793.36822936 1797.52607913 1803.89719918
 1816.24812263 1831.66614456 1849.14475868 1868.58076779 1889.98559457
 1913.47274329 1938.52983421 1965.00195757 1992.75325923 2021.59840157
 2051.32263882 2081.7275195  2114.97396043 2150.80081882 2186.64518809]"
11,"[1.5  1.51 1.52 1.53 1.54 1.55 1.56 1.57 1.58 1.59 1.6  1.61 1.62 1.63
 1.64 1.65 1.66 1.67 1.68 1.69]","[0.11 0.11 0.11 0.11 0.11 0.11 0.11 0.11 0.11 0.11 0.11 0.11 0.11 0.11
 0.11 0.11 0.11 0.11 0.11 0.11]","[1862.04051734 1862.05698953 1863.95210242 1870.04505797 1879.92630265
 1891.95687041 1906.26291115 1922.48349602 1940.93991273 1961.10956137
 1982.84663484 2006.01811211 2030.48002837 2056.07780181 2082.64681654
 2110.01327923 2138.00269705 2170.45356917 2203.44264312 2236.4187015 ]"
12,"[1.5  1.51 1.52 1.53 1.54 1.55 1.56 1.57 1.58 1.59 1.6  1.61 1.62 1.63
 1.64 1.65 1.66 1.67 1.68 1.69]","[0.12 0.12 0.12 0.12 0.12 0.12 0.12 0.12 0.12 0.12 0.12 0.12 0.12 0.12
 0.12 0.12 0.12 0.12 0.12 0.12]","[1924.87933757 1927.34419323 1932.50530644 1939.69611428 1948.8617149
 1959.93867895 1973.14344032 1988.27969257 2005.23515418 2023.88574179
 2043.97242764 2065.37104161 2087.94773799 2111.55933915 2136.05389778
 2161.27149239 2188.52337084 2218.65069808 2248.96864121 2279.27249723]"
13,"[1.5  1.51 1.52 1.53 1.54 1.55 1.56 1.57 1.58 1.59 1.6  1.61 1.62 1.63
 1.64 1.65 1.66 1.67 1.68 1.69]","[0.13 0.13 0.13 0.13 0.13 0.13 0.13 0.13 0.13 0.13 0.13 0.13 0.13 0.13
 0.13 0.13 0.13 0.13 0.13 0.13]","[1987.54451116 1990.38435419 1995.14766696 2001.78958934 2010.42478585
 2021.04467999 2033.36798267 2047.31512991 2062.81292628 2079.76883452
 2098.09792255 2117.67787597 2138.48952777 2160.24540765 2182.80521184
 2206.02171785 2232.84308797 2260.55350717 2288.43505217 2316.30081035]"
14,"[1.5  1.51 1.52 1.53 1.54 1.55 1.56 1.57 1.58 1.59 1.6  1.61 1.62 1.63
 1.64 1.65 1.66 1.67 1.68 1.69]","[0.14 0.14 0.14 0.14 0.14 0.14 0.14 0.14 0.14 0.14 0.14 0.14 0.14 0.14
 0.14 0.14 0.14 0.14 0.14 0.14]","[2044.21230863 2046.7906504  2051.26015319 2057.70179398 2065.84318817
 2075.62445384 2086.9780937  2099.82885368 2114.09360146 2129.68125119
 2146.51657325 2164.49444533 2183.49870393 2203.38391815 2224.02107722
 2246.50839596 2271.57323556 2297.01438221 2322.63960311 2348.24869224]"
15,"[1.5  1.51 1.52 1.53 1.54 1.55 1.56 1.57 1.58 1.59 1.6  1.61 1.62 1.63
 1.64 1.65 1.66 1.67 1.68 1.69]","[0.15 0.15 0.15 0.15 0.15 0.15 0.15 0.15 0.15 0.15 0.15 0.15 0.15 0.15
 0.15 0.15 0.15 0.15 0.15 0.15]","[2095.19134538 2097.75307461 2102.01964274 2107.908995   2115.37135402
 2124.34993417 2134.78086788 2146.59313257 2159.7084981  2174.04151652
 2189.49957589 2205.98427615 2223.41810631 2241.6940876  2260.65925196
 2283.0262032  2306.04712294 2329.38261519 2352.87772574 2376.3763999 ]"
16,"[1.5  1.51 1.52 1.53 1.54 1.55 1.56 1.57 1.58 1.59 1.6  1.61 1.62 1.63
 1.64 1.65 1.66 1.67 1.68 1.69]","[0.16 0.16 0.16 0.16 0.16 0.16 0.16 0.16 0.16 0.16 0.16 0.16 0.16 0.16
 0.16 0.16 0.16 0.16 0.16 0.16]","[2141.57684518 2143.84468785 2147.65956234 2152.98100968 2159.76202665
 2167.94904929 2177.48192616 2188.30868757 2200.34176517 2213.49671195
 2227.68701421 2242.81986651 2258.79643273 2275.52300021 2294.44829971
 2315.14672775 2336.27386234 2357.70007448 2379.28623932 2400.87954719]"
17,"[1.5  1.51 1.52 1.53 1.54 1.55 1.56 1.57 1.58 1.59 1.6  1.61 1.62 1.63
 1.64 1.65 1.66 1.67 1.68 1.69]","[0.17 0.17 0.17 0.17 0.17 0.17 0.17 0.17 0.17 0.17 0.17 0.17 0.17 0.17
 0.17 0.17 0.17 0.17 0.17 0.17]","[2183.29782721 2185.27704667 2188.69067792 2193.50048834 2199.66208797
 2207.12494706 2215.8324091  2225.72171152 2236.72402715 2248.76454126
 2261.76257853 2275.6317944  2290.28044338 2306.22241612 2324.62737515
 2343.58354484 2362.97204032 2382.62989591 2402.42670905 2422.23141159]"
18,"[1.5  1.51 1.52 1.53 1.54 1.55 1.56 1.57 1.58 1.59 1.6  1.61 1.62 1.63
 1.64 1.65 1.66 1.67 1.68 1.69]","[0.18 0.18 0.18 0.18 0.18 0.18 0.18 0.18 0.18 0.18 0.18 0.18 0.18 0.18
 0.18 0.18 0.18 0.18 0.18 0.18]","[2220.87090679 2222.56645073 2225.59219291 2229.91210546 2235.48437676
 2242.26145488 2250.19009159 2259.21139629 2269.26091098 2280.26871785
 2292.15959137 2304.85320628 2318.31190656 2334.57009914 2351.42441425
 2368.76227766 2386.46802071 2404.4785078  2422.62001028 2440.77071357]"
19,"[1.5  1.51 1.52 1.53 1.54 1.55 1.56 1.57 1.58 1.59 1.6  1.61 1.62 1.63
 1.64 1.65 1.66 1.67 1.68 1.69]","[0.19 0.19 0.19 0.19 0.19 0.19 0.19 0.19 0.19 0.19 0.19 0.19 0.19 0.19
 0.19 0.19 0.19 0.19 0.19 0.19]","[2254.74683077 2256.16629744 2258.81949186 2262.67255    2267.68618307
 2273.81574062 2281.01127778 2289.21763446 2298.3745351  2308.41671866
 2319.27410816 2330.87202904 2344.89463319 2359.76024717 2375.1765332
 2391.039682   2407.24318941 2423.67857431 2440.26323356 2456.88442355]"
