,n space,k space,Chi Square Statistic
0,"[1.5  1.51 1.52 1.53 1.54 1.55 1.56 1.57 1.58 1.59 1.6  1.61 1.62 1.63
 1.64 1.65 1.66 1.67 1.68 1.69]",[0. 0. 0. 0. 0. 0. 0. 0. 0. 0. 0. 0. 0. 0. 0. 0. 0. 0. 0. 0.],"[1489.02601878 1456.36689746 1423.35192704 1390.80613092 1360.19154763
 1330.00014104 1306.15831877 1291.37186638 1278.43278946 1269.44712162
 1266.89675992 1272.31651928 1283.10704397 1296.2578695  1324.72599078
 1354.83098661 1385.39019941 1416.03099129 1457.05904016 1507.07572698]"
1,"[1.5  1.51 1.52 1.53 1.54 1.55 1.56 1.57 1.58 1.59 1.6  1.61 1.62 1.63
 1.64 1.65 1.66 1.67 1.68 1.69]","[0.01 0.01 0.01 0.01 0.01 0.01 0.01 0.01 0.01 0.01 0.01 0.01 0.01 0.01
 0.01 0.01 0.01 0.01 0.01 0.01]","[1467.79396819 1434.95559441 1402.22551395 1371.53957466 1346.97465948
 1326.35406655 1307.39178945 1290.77260121 1280.17079439 1275.02327647
 1277.0531846  1281.22254223 1290.8384292  1314.13424625 1338.75856715
 1364.54778979 1391.01530152 1425.32315642 1468.49423319 1520.00789977]"
2,"[1.5  1.51 1.52 1.53 1.54 1.55 1.56 1.57 1.58 1.59 1.6  1.61 1.62 1.63
 1.64 1.65 1.66 1.67 1.68 1.69]","[0.02 0.02 0.02 0.02 0.02 0.02 0.02 0.02 0.02 0.02 0.02 0.02 0.02 0.02
 0.02 0.02 0.02 0.02 0.02 0.02]","[1472.0508878  1446.21607515 1420.73351341 1396.7913468  1375.54065863
 1355.35772343 1339.81171432 1328.44745014 1323.76277559 1323.56900857
 1325.47274635 1336.65586643 1356.05037182 1376.46149419 1397.612407
 1421.79463604 1451.98669223 1490.57173101 1534.7273618  1585.27923297]"
3,"[1.5  1.51 1.52 1.53 1.54 1.55 1.56 1.57 1.58 1.59 1.6  1.61 1.62 1.63
 1.64 1.65 1.66 1.67 1.68 1.69]","[0.03 0.03 0.03 0.03 0.03 0.03 0.03 0.03 0.03 0.03 0.03 0.03 0.03 0.03
 0.03 0.03 0.03 0.03 0.03 0.03]","[1504.35960652 1480.10683592 1457.2395313  1435.55932731 1417.8066885
 1403.65055345 1393.42132999 1388.51534338 1386.51934355 1386.927878
 1397.45521686 1412.73198785 1429.21304533 1448.05913257 1470.59347834
 1497.97087692 1531.05450318 1568.84960521 1614.36364331 1664.21901045]"
4,"[1.5  1.51 1.52 1.53 1.54 1.55 1.56 1.57 1.58 1.59 1.6  1.61 1.62 1.63
 1.64 1.65 1.66 1.67 1.68 1.69]","[0.04 0.04 0.04 0.04 0.04 0.04 0.04 0.04 0.04 0.04 0.04 0.04 0.04 0.04
 0.04 0.04 0.04 0.04 0.04 0.04]","[1545.99904577 1524.44614545 1504.84091813 1487.57835697 1475.11161015
 1467.23568524 1461.83078943 1457.78143543 1458.88433021 1467.69261955
 1479.54507017 1493.7783146  1510.68481468 1529.95352786 1553.70684021
 1580.88584223 1615.10390591 1653.86271834 1699.329708   1745.70720565]"
5,"[1.5  1.51 1.52 1.53 1.54 1.55 1.56 1.57 1.58 1.59 1.6  1.61 1.62 1.63
 1.64 1.65 1.66 1.67 1.68 1.69]","[0.05 0.05 0.05 0.05 0.05 0.05 0.05 0.05 0.05 0.05 0.05 0.05 0.05 0.05
 0.05 0.05 0.05 0.05 0.05 0.05]","[1595.85358215 1579.31465787 1564.88739618 1553.28652551 1544.0620023
 1535.8387967  1529.69307604 1531.0333532  1538.18664645 1547.43627238
 1558.9332544  1573.32372828 1590.4820173  1610.6590062  1634.40672561
 1663.82936571 1696.3231874  1736.74399555 1779.77310767 1824.27989294]"
6,"[1.5  1.51 1.52 1.53 1.54 1.55 1.56 1.57 1.58 1.59 1.6  1.61 1.62 1.63
 1.64 1.65 1.66 1.67 1.68 1.69]","[0.06 0.06 0.06 0.06 0.06 0.06 0.06 0.06 0.06 0.06 0.06 0.06 0.06 0.06
 0.06 0.06 0.06 0.06 0.06 0.06]","[1653.6128793  1640.89026012 1629.41267763 1618.90587998 1610.0732962
 1606.67919195 1608.99695005 1613.58274646 1620.66833797 1629.14797022
 1640.53222205 1654.48051745 1670.57726105 1691.04950378 1715.88642853
 1745.15878123 1778.51285658 1817.8406413  1858.97175299 1900.21441269]"
7,"[1.5  1.51 1.52 1.53 1.54 1.55 1.56 1.57 1.58 1.59 1.6  1.61 1.62 1.63
 1.64 1.65 1.66 1.67 1.68 1.69]","[0.07 0.07 0.07 0.07 0.07 0.07 0.07 0.07 0.07 0.07 0.07 0.07 0.07 0.07
 0.07 0.07 0.07 0.07 0.07 0.07]","[1710.99761305 1699.14213406 1689.16742788 1683.8092045  1682.47221743
 1682.64553309 1685.45717616 1689.90528745 1696.09990759 1705.11878567
 1716.68315343 1729.8534683  1747.39124445 1768.09560029 1793.95869068
 1821.45617426 1855.55698649 1892.48518263 1930.45076852 1970.03059126]"
8,"[1.5  1.51 1.52 1.53 1.54 1.55 1.56 1.57 1.58 1.59 1.6  1.61 1.62 1.63
 1.64 1.65 1.66 1.67 1.68 1.69]","[0.08 0.08 0.08 0.08 0.08 0.08 0.08 0.08 0.08 0.08 0.08 0.08 0.08 0.08
 0.08 0.08 0.08 0.08 0.08 0.08]","[1766.66349999 1760.44417893 1755.69663819 1752.69075823 1751.70377482
 1752.49305782 1754.82867908 1759.34745905 1766.39240921 1775.50606156
 1785.95938996 1800.88412073 1817.95511679 1840.63166473 1864.3465486
 1892.63338657 1925.71227669 1960.59715039 1995.69491522 2034.9405369 ]"
9,"[1.5  1.51 1.52 1.53 1.54 1.55 1.56 1.57 1.58 1.59 1.6  1.61 1.62 1.63
 1.64 1.65 1.66 1.67 1.68 1.69]","[0.09 0.09 0.09 0.09 0.09 0.09 0.09 0.09 0.09 0.09 0.09 0.09 0.09 0.09
 0.09 0.09 0.09 0.09 0.09 0.09]","[1827.69087273 1821.72027368 1817.80742448 1815.53752898 1814.57562278
 1815.25076433 1818.34335969 1823.7040678  1830.60179343 1838.74099255
 1851.06524225 1865.33956717 1884.44576081 1905.15271019 1928.59476225
 1956.8948946  1988.09806772 2020.14356596 2053.57149967 2091.5927991 ]"
10,"[1.5  1.51 1.52 1.53 1.54 1.55 1.56 1.57 1.58 1.59 1.6  1.61 1.62 1.63
 1.64 1.65 1.66 1.67 1.68 1.69]","[0.1 0.1 0.1 0.1 0.1 0.1 0.1 0.1 0.1 0.1 0.1 0.1 0.1 0.1 0.1 0.1 0.1 0.1
 0.1 0.1]","[1882.56362459 1877.69988841 1874.10927326 1871.77559028 1871.11619298
 1872.85342018 1876.61288773 1881.62079235 1888.15092904 1898.59392433
 1910.67018048 1926.91105137 1944.93131838 1964.24137865 1988.32839115
 2015.86928119 2045.03428429 2074.59425586 2106.24170488 2142.40999656]"
11,"[1.5  1.51 1.52 1.53 1.54 1.55 1.56 1.57 1.58 1.59 1.6  1.61 1.62 1.63
 1.64 1.65 1.66 1.67 1.68 1.69]","[0.11 0.11 0.11 0.11 0.11 0.11 0.11 0.11 0.11 0.11 0.11 0.11 0.11 0.11
 0.11 0.11 0.11 0.11 0.11 0.11]","[1932.26529655 1927.68079498 1924.22584568 1922.92469368 1923.52032512
 1925.60368796 1928.85894974 1933.83281953 1942.29320273 1952.18623457
 1966.03945208 1981.4937242  1998.13091639 2018.68684078 2041.98195102
 2068.00778821 2094.87306761 2122.40528826 2152.75418563 2186.56971471]"
12,"[1.5  1.51 1.52 1.53 1.54 1.55 1.56 1.57 1.58 1.59 1.6  1.61 1.62 1.63
 1.64 1.65 1.66 1.67 1.68 1.69]","[0.12 0.12 0.12 0.12 0.12 0.12 0.12 0.12 0.12 0.12 0.12 0.12 0.12 0.12
 0.12 0.12 0.12 0.12 0.12 0.12]","[1976.38242767 1972.95574677 1970.89959755 1970.41892676 1971.05685888
 1972.80173624 1976.65845261 1983.2338424  1991.24285891 2003.05461634
 2016.05276675 2030.27617966 2047.46978784 2067.03310153 2089.63940291
 2113.81831255 2138.5570773  2164.64218633 2193.82070253 2225.06177212]"
13,"[1.5  1.51 1.52 1.53 1.54 1.55 1.56 1.57 1.58 1.59 1.6  1.61 1.62 1.63
 1.64 1.65 1.66 1.67 1.68 1.69]","[0.13 0.13 0.13 0.13 0.13 0.13 0.13 0.13 0.13 0.13 0.13 0.13 0.13 0.13
 0.13 0.13 0.13 0.13 0.13 0.13]","[2017.19359213 2014.69494841 2013.25049464 2012.8438792  2013.53158987
 2016.81438378 2021.77620673 2028.89790584 2038.49234398 2049.32567132
 2061.25517079 2075.61306963 2092.52800178 2111.40037415 2132.66825225
 2154.87625821 2177.58561634 2202.14574612 2230.11126708 2258.87213152]"
14,"[1.5  1.51 1.52 1.53 1.54 1.55 1.56 1.57 1.58 1.59 1.6  1.61 1.62 1.63
 1.64 1.65 1.66 1.67 1.68 1.69]","[0.14 0.14 0.14 0.14 0.14 0.14 0.14 0.14 0.14 0.14 0.14 0.14 0.14 0.14
 0.14 0.14 0.14 0.14 0.14 0.14]","[2054.64895211 2052.28336142 2050.91034545 2051.66343354 2053.83969755
 2057.6742603  2064.19753803 2071.89195571 2080.70491174 2090.57744985
 2102.66792976 2117.18844597 2132.90294076 2151.17678511 2170.99338269
 2191.40251778 2212.36265039 2235.63378422 2262.13723363 2288.5718453 ]"
15,"[1.5  1.51 1.52 1.53 1.54 1.55 1.56 1.57 1.58 1.59 1.6  1.61 1.62 1.63
 1.64 1.65 1.66 1.67 1.68 1.69]","[0.15 0.15 0.15 0.15 0.15 0.15 0.15 0.15 0.15 0.15 0.15 0.15 0.15 0.15
 0.15 0.15 0.15 0.15 0.15 0.15]","[2088.8655538  2087.30470859 2086.92641457 2088.64960005 2092.28232214
 2097.11389877 2103.08687601 2110.13901654 2118.22065833 2128.63432223
 2140.98395674 2154.28682993 2169.53551529 2186.67782647 2204.8064222
 2223.51675596 2243.0754437  2265.60926654 2289.99691751 2314.32700352]"
16,"[1.5  1.51 1.52 1.53 1.54 1.55 1.56 1.57 1.58 1.59 1.6  1.61 1.62 1.63
 1.64 1.65 1.66 1.67 1.68 1.69]","[0.16 0.16 0.16 0.16 0.16 0.16 0.16 0.16 0.16 0.16 0.16 0.16 0.16 0.16
 0.16 0.16 0.16 0.16 0.16 0.16]","[2122.98534396 2122.26663812 2122.94262567 2125.04349859 2128.25936596
 2132.55835234 2137.95467494 2144.36170057 2153.52933639 2163.8678107
 2175.16580268 2187.77315931 2202.29982827 2218.32559525 2234.97061495
 2252.12451789 2270.40916634 2292.14690751 2314.49506458 2336.83212116]"
17,"[1.5  1.51 1.52 1.53 1.54 1.55 1.56 1.57 1.58 1.59 1.6  1.61 1.62 1.63
 1.64 1.65 1.66 1.67 1.68 1.69]","[0.17 0.17 0.17 0.17 0.17 0.17 0.17 0.17 0.17 0.17 0.17 0.17 0.17 0.17
 0.17 0.17 0.17 0.17 0.17 0.17]","[2156.36117987 2155.78957984 2156.30113091 2157.87701855 2160.59072357
 2164.47403608 2170.18928676 2177.60481887 2186.07453102 2195.49805314
 2205.80936615 2218.15934837 2231.8346341  2246.51790669 2261.77376773
 2277.50047457 2295.15662717 2315.5750226  2336.09071412 2356.56876655]"
18,"[1.5  1.51 1.52 1.53 1.54 1.55 1.56 1.57 1.58 1.59 1.6  1.61 1.62 1.63
 1.64 1.65 1.66 1.67 1.68 1.69]","[0.18 0.18 0.18 0.18 0.18 0.18 0.18 0.18 0.18 0.18 0.18 0.18 0.18 0.18
 0.18 0.18 0.18 0.18 0.18 0.18]","[2186.58058956 2185.91163104 2186.27250443 2187.61950192 2190.80509773
 2195.26023081 2200.87225583 2207.59187818 2215.25080569 2223.79292124
 2233.92715346 2245.31866645 2258.13652747 2271.57230411 2285.53560564
 2299.93265607 2317.40592105 2336.12225626 2354.93029573 2373.70626759]"
19,"[1.5  1.51 1.52 1.53 1.54 1.55 1.56 1.57 1.58 1.59 1.6  1.61 1.62 1.63
 1.64 1.65 1.66 1.67 1.68 1.69]","[0.19 0.19 0.19 0.19 0.19 0.19 0.19 0.19 0.19 0.19 0.19 0.19 0.19 0.19
 0.19 0.19 0.19 0.19 0.19 0.19]","[2214.54940886 2214.24214519 2215.03346409 2216.90067674 2219.83216152
 2223.80409266 2228.74768508 2234.62759113 2241.43111105 2249.57052806
 2259.16624546 2269.85451457 2281.54940054 2293.82670704 2306.59088004
 2320.23155399 2337.00934009 2354.18266792 2371.46599106 2388.72906729]"
