,n space,k space,Chi Square Statistic
0,"[1.5  1.51 1.52 1.53 1.54 1.55 1.56 1.57 1.58 1.59 1.6  1.61 1.62 1.63
 1.64 1.65 1.66 1.67 1.68 1.69]",[0. 0. 0. 0. 0. 0. 0. 0. 0. 0. 0. 0. 0. 0. 0. 0. 0. 0. 0. 0.],"[3038.41852417 2980.75496121 2924.00268953 2865.73683033 2812.52636677
 2774.21942251 2742.19462863 2717.37148833 2694.459008   2687.09294733
 2698.60555797 2719.74563402 2783.77317832 2867.15334785 2982.01359386
 3106.103423   3233.1939246  3365.27398274 3513.8868381  3689.10448605]"
1,"[1.5  1.51 1.52 1.53 1.54 1.55 1.56 1.57 1.58 1.59 1.6  1.61 1.62 1.63
 1.64 1.65 1.66 1.67 1.68 1.69]","[0.01 0.01 0.01 0.01 0.01 0.01 0.01 0.01 0.01 0.01 0.01 0.01 0.01 0.01
 0.01 0.01 0.01 0.01 0.01 0.01]","[3010.91114203 2962.42471174 2917.73816272 2875.05162641 2838.07366268
 2802.41576826 2770.32819888 2751.61827505 2747.66152623 2751.96337379
 2779.33180531 2833.92557356 2906.52150181 3005.33601809 3112.46518768
 3221.24324826 3331.39438327 3459.99553534 3605.56621521 3761.24989666]"
2,"[1.5  1.51 1.52 1.53 1.54 1.55 1.56 1.57 1.58 1.59 1.6  1.61 1.62 1.63
 1.64 1.65 1.66 1.67 1.68 1.69]","[0.02 0.02 0.02 0.02 0.02 0.02 0.02 0.02 0.02 0.02 0.02 0.02 0.02 0.02
 0.02 0.02 0.02 0.02 0.02 0.02]","[3050.66454502 3009.08684421 2968.74333098 2930.57179673 2900.97767419
 2875.58742938 2862.22864156 2855.53495168 2858.04228402 2889.34872873
 2935.28648083 2999.29051842 3083.89359966 3176.95653689 3272.9507626
 3371.42322888 3481.93773788 3603.11851776 3744.31777031 3888.87718001]"
3,"[1.5  1.51 1.52 1.53 1.54 1.55 1.56 1.57 1.58 1.59 1.6  1.61 1.62 1.63
 1.64 1.65 1.66 1.67 1.68 1.69]","[0.03 0.03 0.03 0.03 0.03 0.03 0.03 0.03 0.03 0.03 0.03 0.03 0.03 0.03
 0.03 0.03 0.03 0.03 0.03 0.03]","[3116.39850936 3079.22444906 3047.03971684 3021.04265876 3001.06308762
 2985.8853641  2977.2417921  2992.86572561 3021.07118951 3060.76118512
 3119.49566454 3193.65912906 3273.75729141 3357.47354585 3444.27648784
 3539.57419579 3645.70397717 3769.18224148 3898.85235193 4035.57752524]"
4,"[1.5  1.51 1.52 1.53 1.54 1.55 1.56 1.57 1.58 1.59 1.6  1.61 1.62 1.63
 1.64 1.65 1.66 1.67 1.68 1.69]","[0.04 0.04 0.04 0.04 0.04 0.04 0.04 0.04 0.04 0.04 0.04 0.04 0.04 0.04
 0.04 0.04 0.04 0.04 0.04 0.04]","[3205.71276156 3176.21636291 3151.54790541 3129.61193594 3120.08668374
 3124.13234518 3138.68609643 3162.07661052 3197.16119158 3249.02704527
 3312.79818706 3381.63702446 3455.1910893  3531.91862389 3613.66156712
 3709.19410449 3813.97182088 3931.53428391 4053.38106426 4184.51550168]"
5,"[1.5  1.51 1.52 1.53 1.54 1.55 1.56 1.57 1.58 1.59 1.6  1.61 1.62 1.63
 1.64 1.65 1.66 1.67 1.68 1.69]","[0.05 0.05 0.05 0.05 0.05 0.05 0.05 0.05 0.05 0.05 0.05 0.05 0.05 0.05
 0.05 0.05 0.05 0.05 0.05 0.05]","[3308.46875841 3289.12597491 3275.40674063 3271.88276152 3275.19215442
 3284.51436437 3303.58041341 3337.1290785  3382.58240282 3436.03623063
 3494.6148004  3557.42521181 3624.09633229 3693.85152372 3778.71079475
 3866.94820216 3973.42397406 4081.54168227 4195.05705193 4321.14836534]"
6,"[1.5  1.51 1.52 1.53 1.54 1.55 1.56 1.57 1.58 1.59 1.6  1.61 1.62 1.63
 1.64 1.65 1.66 1.67 1.68 1.69]","[0.06 0.06 0.06 0.06 0.06 0.06 0.06 0.06 0.06 0.06 0.06 0.06 0.06 0.06
 0.06 0.06 0.06 0.06 0.06 0.06]","[3430.51467141 3421.29333912 3416.31372599 3416.82890868 3426.16878511
 3446.14324131 3476.1328112  3514.74670447 3558.58865752 3607.02678374
 3659.70421642 3716.28885319 3776.55422487 3850.03712964 3927.65062593
 4020.0813211  4117.84454694 4219.80425053 4329.24373335 4448.12259602]"
7,"[1.5  1.51 1.52 1.53 1.54 1.55 1.56 1.57 1.58 1.59 1.6  1.61 1.62 1.63
 1.64 1.65 1.66 1.67 1.68 1.69]","[0.07 0.07 0.07 0.07 0.07 0.07 0.07 0.07 0.07 0.07 0.07 0.07 0.07 0.07
 0.07 0.07 0.07 0.07 0.07 0.07]","[3555.83009438 3551.67661089 3554.02740335 3565.5464192  3584.09395249
 3609.62291184 3640.23397661 3675.61574139 3715.53159908 3759.95292607
 3808.30798875 3860.20194787 3923.71946626 3992.12157661 4071.20972197
 4159.10318941 4249.00388616 4344.51259047 4450.7445473  4564.04887629]"
8,"[1.5  1.51 1.52 1.53 1.54 1.55 1.56 1.57 1.58 1.59 1.6  1.61 1.62 1.63
 1.64 1.65 1.66 1.67 1.68 1.69]","[0.08 0.08 0.08 0.08 0.08 0.08 0.08 0.08 0.08 0.08 0.08 0.08 0.08 0.08
 0.08 0.08 0.08 0.08 0.08 0.08]","[3691.66018946 3694.58684619 3702.7122359  3716.29023008 3734.82704662
 3758.11683854 3786.02845347 3818.5042657  3855.13243003 3895.65426623
 3939.9368615  3995.12400971 4055.01317196 4123.08669065 4201.70710958
 4282.56142265 4367.59733011 4459.52548509 4558.83928804 4666.59178054]"
9,"[1.5  1.51 1.52 1.53 1.54 1.55 1.56 1.57 1.58 1.59 1.6  1.61 1.62 1.63
 1.64 1.65 1.66 1.67 1.68 1.69]","[0.09 0.09 0.09 0.09 0.09 0.09 0.09 0.09 0.09 0.09 0.09 0.09 0.09 0.09
 0.09 0.09 0.09 0.09 0.09 0.09]","[3830.65250823 3833.56163053 3841.15935041 3853.43026101 3870.22239638
 3891.40015642 3916.91651209 3946.50842123 3979.93091771 4018.49721321
 4065.57089027 4117.61554724 4177.11755144 4246.32061521 4318.3782613
 4392.79628679 4472.95703041 4561.83957146 4656.28624617 4755.7964404 ]"
10,"[1.5  1.51 1.52 1.53 1.54 1.55 1.56 1.57 1.58 1.59 1.6  1.61 1.62 1.63
 1.64 1.65 1.66 1.67 1.68 1.69]","[0.1 0.1 0.1 0.1 0.1 0.1 0.1 0.1 0.1 0.1 0.1 0.1 0.1 0.1 0.1 0.1 0.1 0.1
 0.1 0.1]","[3956.21779162 3958.59845877 3965.32014272 3976.31099433 3991.47496891
 4010.69101919 4033.81252831 4060.70622681 4094.94421041 4134.90569314
 4179.4242461  4232.11798231 4292.24235223 4355.85863325 4421.87208348
 4492.14163736 4569.88773649 4652.26699068 4742.26551093 4833.65005161]"
11,"[1.5  1.51 1.52 1.53 1.54 1.55 1.56 1.57 1.58 1.59 1.6  1.61 1.62 1.63
 1.64 1.65 1.66 1.67 1.68 1.69]","[0.11 0.11 0.11 0.11 0.11 0.11 0.11 0.11 0.11 0.11 0.11 0.11 0.11 0.11
 0.11 0.11 0.11 0.11 0.11 0.11]","[4069.01141025 4070.6893996  4076.53837759 4086.33947264 4100.01003674
 4117.65848761 4141.59286872 4169.62942921 4202.95362586 4242.03252934
 4287.43023937 4339.44030243 4395.02674772 4453.25310939 4514.28266548
 4582.28056156 4655.54091688 4733.53297757 4817.64863439 4901.5432607 ]"
12,"[1.5  1.51 1.52 1.53 1.54 1.55 1.56 1.57 1.58 1.59 1.6  1.61 1.62 1.63
 1.64 1.65 1.66 1.67 1.68 1.69]","[0.12 0.12 0.12 0.12 0.12 0.12 0.12 0.12 0.12 0.12 0.12 0.12 0.12 0.12
 0.12 0.12 0.12 0.12 0.12 0.12]","[4171.39488179 4172.07919888 4176.80715335 4187.28151281 4201.78958185
 4220.1045683  4242.1242444  4270.53964786 4305.15501591 4343.33633638
 4388.18979808 4436.16108725 4486.92071933 4540.11828888 4598.67059821
 4664.37866673 4731.89449765 4806.80697195 4883.97363751 4960.98781917]"
13,"[1.5  1.51 1.52 1.53 1.54 1.55 1.56 1.57 1.58 1.59 1.6  1.61 1.62 1.63
 1.64 1.65 1.66 1.67 1.68 1.69]","[0.13 0.13 0.13 0.13 0.13 0.13 0.13 0.13 0.13 0.13 0.13 0.13 0.13 0.13
 0.13 0.13 0.13 0.13 0.13 0.13]","[4268.9868041  4270.08962106 4275.02578669 4283.72201239 4296.47298441
 4315.84645913 4340.04559948 4367.96459525 4400.44488054 4438.11862096
 4478.98293559 4522.73959834 4569.07149098 4619.026057   4677.42178749
 4737.55372279 4801.61869611 4871.78281703 4942.53841025 5013.20848912]"
14,"[1.5  1.51 1.52 1.53 1.54 1.55 1.56 1.57 1.58 1.59 1.6  1.61 1.62 1.63
 1.64 1.65 1.66 1.67 1.68 1.69]","[0.14 0.14 0.14 0.14 0.14 0.14 0.14 0.14 0.14 0.14 0.14 0.14 0.14 0.14
 0.14 0.14 0.14 0.14 0.14 0.14]","[4363.29419836 4364.0640546  4368.8146012  4377.99336997 4391.83802634
 4409.48682956 4430.91413556 4458.27633485 4489.1442822  4523.3589893
 4560.53472844 4600.39703582 4643.17928307 4694.52851627 4747.86737184
 4802.81744773 4864.93538462 4929.39981638 4994.26989172 5059.10894206]"
15,"[1.5  1.51 1.52 1.53 1.54 1.55 1.56 1.57 1.58 1.59 1.6  1.61 1.62 1.63
 1.64 1.65 1.66 1.67 1.68 1.69]","[0.15 0.15 0.15 0.15 0.15 0.15 0.15 0.15 0.15 0.15 0.15 0.15 0.15 0.15
 0.15 0.15 0.15 0.15 0.15 0.15]","[4452.53577769 4453.44782464 4458.19653153 4466.70022662 4479.38923778
 4496.76998222 4517.75505655 4542.16846798 4569.82260446 4600.59132063
 4634.24689784 4671.38428371 4715.62909914 4762.40667633 4811.06980656
 4864.1841435  4921.71333123 4980.73349783 5040.2152056  5099.74539857]"
16,"[1.5  1.51 1.52 1.53 1.54 1.55 1.56 1.57 1.58 1.59 1.6  1.61 1.62 1.63
 1.64 1.65 1.66 1.67 1.68 1.69]","[0.16 0.16 0.16 0.16 0.16 0.16 0.16 0.16 0.16 0.16 0.16 0.16 0.16 0.16
 0.16 0.16 0.16 0.16 0.16 0.16]","[4536.88837328 4537.59557986 4542.1122762  4550.37172674 4562.27050368
 4577.66106403 4596.39928461 4618.32187272 4643.24702227 4670.97526959
 4703.55564978 4740.95381754 4781.38607212 4823.99829448 4870.01406944
 4920.29774315 4973.057148   5027.05784042 5081.5083075  5136.07570975]"
17,"[1.5  1.51 1.52 1.53 1.54 1.55 1.56 1.57 1.58 1.59 1.6  1.61 1.62 1.63
 1.64 1.65 1.66 1.67 1.68 1.69]","[0.17 0.17 0.17 0.17 0.17 0.17 0.17 0.17 0.17 0.17 0.17 0.17 0.17 0.17
 0.17 0.17 0.17 0.17 0.17 0.17]","[4617.1284177  4617.02905262 4620.47144337 4627.37679497 4637.64775013
 4651.16860094 4667.80562914 4687.40759206 4711.49047051 4738.88782872
 4770.20648905 4804.63858515 4841.30657965 4881.14914811 4924.67341995
 4971.00104966 5019.2911605  5068.69503654 5118.5534348  5168.52810959]"
18,"[1.5  1.51 1.52 1.53 1.54 1.55 1.56 1.57 1.58 1.59 1.6  1.61 1.62 1.63
 1.64 1.65 1.66 1.67 1.68 1.69]","[0.18 0.18 0.18 0.18 0.18 0.18 0.18 0.18 0.18 0.18 0.18 0.18 0.18 0.18
 0.18 0.18 0.18 0.18 0.18 0.18]","[4690.1601139  4689.31534845 4691.76458716 4697.43431794 4706.59448785
 4719.48767732 4735.566089   4754.67546129 4776.64458612 4802.542804
 4831.38261111 4862.55291227 4897.10826336 4934.9810029  4974.84527601
 5017.26006056 5061.40327476 5106.44465682 5151.97140306 5197.65533289]"
19,"[1.5  1.51 1.52 1.53 1.54 1.55 1.56 1.57 1.58 1.59 1.6  1.61 1.62 1.63
 1.64 1.65 1.66 1.67 1.68 1.69]","[0.19 0.19 0.19 0.19 0.19 0.19 0.19 0.19 0.19 0.19 0.19 0.19 0.19 0.19
 0.19 0.19 0.19 0.19 0.19 0.19]","[4761.39564056 4759.58707119 4761.15955935 4766.02601441 4774.0938527
 4785.2533003  4799.37782478 4816.39306342 4837.41048529 4861.01132981
 4886.99891365 4916.99386013 4949.49204049 4983.84830663 5020.57322718
 5059.18440673 5099.52369613 5140.62478055 5182.19536065 5223.94954818]"
