,n space,k space,Chi Square Statistic
0,"[1.5  1.51 1.52 1.53 1.54 1.55 1.56 1.57 1.58 1.59 1.6  1.61 1.62 1.63
 1.64 1.65 1.66 1.67 1.68 1.69]",[0. 0. 0. 0. 0. 0. 0. 0. 0. 0. 0. 0. 0. 0. 0. 0. 0. 0. 0. 0.],"[3536.87345068 3388.20620208 3216.67377626 3030.04596649 2825.30178605
 2621.90155418 2439.8299477  2276.00258513 2119.31319394 2024.72015372
 1959.9310042  1980.70233767 2053.24031289 2197.51542445 2432.80375655
 2740.55635948 3144.27223519 3585.94290604 4065.96198307 4559.23687819]"
1,"[1.5  1.51 1.52 1.53 1.54 1.55 1.56 1.57 1.58 1.59 1.6  1.61 1.62 1.63
 1.64 1.65 1.66 1.67 1.68 1.69]","[0.01 0.01 0.01 0.01 0.01 0.01 0.01 0.01 0.01 0.01 0.01 0.01 0.01 0.01
 0.01 0.01 0.01 0.01 0.01 0.01]","[3096.49769084 2977.63862377 2852.10613864 2722.04540821 2591.27794584
 2453.80320001 2318.99886206 2215.56505335 2129.97205036 2092.58608909
 2104.31383118 2144.57280077 2257.15759419 2438.08608627 2675.83040781
 2997.7099842  3367.487118   3776.30687266 4215.99124381 4656.21193002]"
2,"[1.5  1.51 1.52 1.53 1.54 1.55 1.56 1.57 1.58 1.59 1.6  1.61 1.62 1.63
 1.64 1.65 1.66 1.67 1.68 1.69]","[0.02 0.02 0.02 0.02 0.02 0.02 0.02 0.02 0.02 0.02 0.02 0.02 0.02 0.02
 0.02 0.02 0.02 0.02 0.02 0.02]","[2888.11815656 2808.02117967 2720.25515988 2626.53660994 2527.32499127
 2445.12874046 2370.01819835 2335.13296961 2330.03071382 2345.19856203
 2387.56196982 2502.07526022 2654.6711932  2854.9905041  3119.11032522
 3425.76130135 3760.81000986 4127.11966182 4502.94880475 4885.31058152]"
3,"[1.5  1.51 1.52 1.53 1.54 1.55 1.56 1.57 1.58 1.59 1.6  1.61 1.62 1.63
 1.64 1.65 1.66 1.67 1.68 1.69]","[0.03 0.03 0.03 0.03 0.03 0.03 0.03 0.03 0.03 0.03 0.03 0.03 0.03 0.03
 0.03 0.03 0.03 0.03 0.03 0.03]","[2809.76376158 2744.57870543 2680.71610494 2629.11318313 2588.62001324
 2560.23589447 2549.18692111 2555.21872028 2578.33888735 2648.6824959
 2757.02960482 2895.63506635 3082.80334242 3318.47632799 3589.9468473
 3882.00736212 4201.51997993 4534.52632075 4869.5624618  5204.68397157]"
4,"[1.5  1.51 1.52 1.53 1.54 1.55 1.56 1.57 1.58 1.59 1.6  1.61 1.62 1.63
 1.64 1.65 1.66 1.67 1.68 1.69]","[0.04 0.04 0.04 0.04 0.04 0.04 0.04 0.04 0.04 0.04 0.04 0.04 0.04 0.04
 0.04 0.04 0.04 0.04 0.04 0.04]","[2837.06380264 2802.40457723 2772.79142356 2751.05364902 2741.60990674
 2744.21202554 2761.84775173 2813.36555447 2891.52771306 2995.83304038
 3126.28871391 3302.59908657 3513.49449902 3754.90786209 4016.83950004
 4300.63048172 4605.2019814  4912.02048327 5221.00098416 5526.72251737]"
5,"[1.5  1.51 1.52 1.53 1.54 1.55 1.56 1.57 1.58 1.59 1.6  1.61 1.62 1.63
 1.64 1.65 1.66 1.67 1.68 1.69]","[0.05 0.05 0.05 0.05 0.05 0.05 0.05 0.05 0.05 0.05 0.05 0.05 0.05 0.05
 0.05 0.05 0.05 0.05 0.05 0.05]","[2933.75696328 2919.13044211 2915.90642241 2926.70656262 2949.26277376
 2988.01347668 3044.80611062 3120.42792956 3218.19500813 3347.37607668
 3511.6097292  3701.03441624 3914.51939898 4148.84522832 4402.23391784
 4676.28824002 4955.61652497 5239.59666734 5523.83400247 5805.5874812 ]"
6,"[1.5  1.51 1.52 1.53 1.54 1.55 1.56 1.57 1.58 1.59 1.6  1.61 1.62 1.63
 1.64 1.65 1.66 1.67 1.68 1.69]","[0.06 0.06 0.06 0.06 0.06 0.06 0.06 0.06 0.06 0.06 0.06 0.06 0.06 0.06
 0.06 0.06 0.06 0.06 0.06 0.06]","[3132.13838867 3134.85246088 3147.5245026  3173.81827242 3213.06992984
 3269.61567765 3346.45220972 3445.67464378 3570.70844835 3717.18188676
 3885.29420424 4073.69730254 4281.07284108 4506.94689576 4751.79169115
 5004.07041283 5261.37210276 5522.72622677 5783.96685344 6043.28532233]"
7,"[1.5  1.51 1.52 1.53 1.54 1.55 1.56 1.57 1.58 1.59 1.6  1.61 1.62 1.63
 1.64 1.65 1.66 1.67 1.68 1.69]","[0.07 0.07 0.07 0.07 0.07 0.07 0.07 0.07 0.07 0.07 0.07 0.07 0.07 0.07
 0.07 0.07 0.07 0.07 0.07 0.07]","[3375.99791801 3389.3955601  3417.56574317 3458.09436465 3515.9467831
 3591.05417704 3683.15240496 3794.41847849 3922.15072085 4068.76701377
 4236.10384199 4417.47218997 4616.87314748 4834.78824436 5060.28322204
 5291.2334065  5528.88503191 5768.76763852 6008.87153244 6247.5258967 ]"
8,"[1.5  1.51 1.52 1.53 1.54 1.55 1.56 1.57 1.58 1.59 1.6  1.61 1.62 1.63
 1.64 1.65 1.66 1.67 1.68 1.69]","[0.08 0.08 0.08 0.08 0.08 0.08 0.08 0.08 0.08 0.08 0.08 0.08 0.08 0.08
 0.08 0.08 0.08 0.08 0.08 0.08]","[3690.82386966 3707.39937789 3738.88715117 3787.53647866 3850.10585301
 3926.24188959 4019.81839717 4128.80980623 4258.91009764 4401.81719516
 4561.46150202 4736.49889145 4927.46665924 5126.75013261 5332.82141506
 5545.51307185 5763.48982003 5983.51622782 6204.02785148 6423.50200095]"
9,"[1.5  1.51 1.52 1.53 1.54 1.55 1.56 1.57 1.58 1.59 1.6  1.61 1.62 1.63
 1.64 1.65 1.66 1.67 1.68 1.69]","[0.09 0.09 0.09 0.09 0.09 0.09 0.09 0.09 0.09 0.09 0.09 0.09 0.09 0.09
 0.09 0.09 0.09 0.09 0.09 0.09]","[4018.77906811 4036.21909589 4067.82939744 4113.33162522 4174.77123406
 4253.92013946 4346.91719582 4453.04524234 4575.81551048 4712.15419573
 4865.92293581 5030.79404334 5204.79341553 5386.58610478 5574.80638925
 5770.81897983 5970.39074102 6172.08004783 6374.46356488 6576.15169425]"
10,"[1.5  1.51 1.52 1.53 1.54 1.55 1.56 1.57 1.58 1.59 1.6  1.61 1.62 1.63
 1.64 1.65 1.66 1.67 1.68 1.69]","[0.1 0.1 0.1 0.1 0.1 0.1 0.1 0.1 0.1 0.1 0.1 0.1 0.1 0.1 0.1 0.1 0.1 0.1
 0.1 0.1]","[4349.31605112 4364.1735759  4393.56687527 4437.20364469 4495.01520837
 4569.0459271  4656.60856531 4757.49516774 4875.16479284 5004.61008373
 5144.82010495 5294.70634948 5453.1133078  5618.83039286 5792.0574205
 5971.20244196 6153.81557788 6338.58571214 6524.21566442 6709.43563203]"
11,"[1.5  1.51 1.52 1.53 1.54 1.55 1.56 1.57 1.58 1.59 1.6  1.61 1.62 1.63
 1.64 1.65 1.66 1.67 1.68 1.69]","[0.11 0.11 0.11 0.11 0.11 0.11 0.11 0.11 0.11 0.11 0.11 0.11 0.11 0.11
 0.11 0.11 0.11 0.11 0.11 0.11]","[4669.40227513 4680.5215755  4705.86972704 4745.96579259 4800.81945437
 4869.46771234 4951.32744134 5045.72399775 5151.89463082 5268.99342561
 5396.0977629  5532.21622092 5676.29778702 5827.54577924 5986.60776902
 6150.2319685  6317.22546263 6486.39365477 6656.55249069 6826.54020328]"
12,"[1.5  1.51 1.52 1.53 1.54 1.55 1.56 1.57 1.58 1.59 1.6  1.61 1.62 1.63
 1.64 1.65 1.66 1.67 1.68 1.69]","[0.12 0.12 0.12 0.12 0.12 0.12 0.12 0.12 0.12 0.12 0.12 0.12 0.12 0.12
 0.12 0.12 0.12 0.12 0.12 0.12]","[4977.24018892 4984.45259623 5005.5718635  5040.31150256 5088.30030067
 5149.08216938 5222.1170318  5306.782866   5402.37898288 5508.13057278
 5623.19450728 5746.66633517 5877.58836603 6016.5261046  6161.51777417
 6310.86262116 6463.47324481 6618.25944287 6774.13889122 6930.04744722]"
13,"[1.5  1.51 1.52 1.53 1.54 1.55 1.56 1.57 1.58 1.59 1.6  1.61 1.62 1.63
 1.64 1.65 1.66 1.67 1.68 1.69]","[0.13 0.13 0.13 0.13 0.13 0.13 0.13 0.13 0.13 0.13 0.13 0.13 0.13 0.13
 0.13 0.13 0.13 0.13 0.13 0.13]","[5258.07774921 5261.88056828 5278.59969034 5307.96535362 5349.63065291
 5403.17177858 5468.0891395  5543.80946001 5629.6889105  5725.01729623
 5829.02329149 5940.88066822 6060.3672536  6187.29131566 6319.34757489
 6455.5563284  6594.92479985 6736.45661528 6879.16117466 7022.0627262 ]"
14,"[1.5  1.51 1.52 1.53 1.54 1.55 1.56 1.57 1.58 1.59 1.6  1.61 1.62 1.63
 1.64 1.65 1.66 1.67 1.68 1.69]","[0.14 0.14 0.14 0.14 0.14 0.14 0.14 0.14 0.14 0.14 0.14 0.14 0.14 0.14
 0.14 0.14 0.14 0.14 0.14 0.14]","[5514.01035946 5514.68424806 5527.36112198 5551.78822318 5587.64239452
 5634.5305966  5691.99118284 5759.49600188 5836.45337169 5922.21194237
 6016.06543495 6117.25821298 6226.7771441  6342.08621545 6462.2507514
 6586.3755933  6713.55309556 6842.87145881 6973.42298802 7104.31211493]"
15,"[1.5  1.51 1.52 1.53 1.54 1.55 1.56 1.57 1.58 1.59 1.6  1.61 1.62 1.63
 1.64 1.65 1.66 1.67 1.68 1.69]","[0.15 0.15 0.15 0.15 0.15 0.15 0.15 0.15 0.15 0.15 0.15 0.15 0.15 0.15
 0.15 0.15 0.15 0.15 0.15 0.15]","[5747.57338035 5745.39022662 5754.36713477 5774.26824361 5804.79332246
 5845.57848042 5896.19753109 5956.16406474 6024.93426095 6101.91045262
 6186.44542828 6278.93725754 6378.17889242 6482.81580898 6592.04822757
 6705.05720214 6821.01189638 6939.07694332 7058.41975132 7178.21762218]"
16,"[1.5  1.51 1.52 1.53 1.54 1.55 1.56 1.57 1.58 1.59 1.6  1.61 1.62 1.63
 1.64 1.65 1.66 1.67 1.68 1.69]","[0.16 0.16 0.16 0.16 0.16 0.16 0.16 0.16 0.16 0.16 0.16 0.16 0.16 0.16
 0.16 0.16 0.16 0.16 0.16 0.16]","[5960.9933867  5956.21343605 5961.81491133 5977.57847089 6003.22581694
 6038.42053279 6082.76949015 6135.82486575 6197.08679096 6266.00664058
 6342.5688738  6426.52511898 6516.27310727 6611.10453335 6710.28708569
 6813.07070564 6918.69403619 7026.39094749 7135.39702492 7244.95590664]"
17,"[1.5  1.51 1.52 1.53 1.54 1.55 1.56 1.57 1.58 1.59 1.6  1.61 1.62 1.63
 1.64 1.65 1.66 1.67 1.68 1.69]","[0.17 0.17 0.17 0.17 0.17 0.17 0.17 0.17 0.17 0.17 0.17 0.17 0.17 0.17
 0.17 0.17 0.17 0.17 0.17 0.17]","[6156.23245465 6149.10253694 6151.63422215 6163.62412535 6184.81478315
 6214.89557022 6253.50411458 6300.22824085 6354.60845808 6416.3772032
 6485.90243913 6561.49105781 6642.52125349 6728.3438717  6818.28772748
 6911.66517788 7007.77785917 7105.92249461 7205.39667626 7305.50452612]"
18,"[1.5  1.51 1.52 1.53 1.54 1.55 1.56 1.57 1.58 1.59 1.6  1.61 1.62 1.63
 1.64 1.65 1.66 1.67 1.68 1.69]","[0.18 0.18 0.18 0.18 0.18 0.18 0.18 0.18 0.18 0.18 0.18 0.18 0.18 0.18
 0.18 0.18 0.18 0.18 0.18 0.18]","[6335.02503958 6325.77759231 6325.52581049 6334.08158081 6351.20712025
 6376.61593535 6409.97422027 6450.90271489 6499.02939904 6555.0256458
 6617.24912041 6685.15892146 6758.18465159 6835.73088961 6917.18195038
 7001.90686355 7089.26449606 7178.60873865 7269.29367554 7360.67865673]"
19,"[1.5  1.51 1.52 1.53 1.54 1.55 1.56 1.57 1.58 1.59 1.6  1.61 1.62 1.63
 1.64 1.65 1.66 1.67 1.68 1.69]","[0.19 0.19 0.19 0.19 0.19 0.19 0.19 0.19 0.19 0.19 0.19 0.19 0.19 0.19
 0.19 0.19 0.19 0.19 0.19 0.19]","[6498.90888298 6487.76154623 6484.99337336 6490.43076228 6503.85443681
 6525.00042167 6553.56140519 6589.19427516 6632.59098654 6682.28640998
 6737.81466101 6798.67915007 6864.35630957 6934.29961973 7007.94388202
 7084.70968204 7164.00797792 7245.244747   7327.82562218 7411.1604497 ]"
