,n space,k space,Chi Square Statistic
0,"[1.5  1.51 1.52 1.53 1.54 1.55 1.56 1.57 1.58 1.59 1.6  1.61 1.62 1.63
 1.64 1.65 1.66 1.67 1.68 1.69]",[0. 0. 0. 0. 0. 0. 0. 0. 0. 0. 0. 0. 0. 0. 0. 0. 0. 0. 0. 0.],"[3032.7442659  2853.66872384 2638.01366641 2388.20089164 2104.09400139
 1787.86264393 1439.50703006 1063.21177984  664.93560641  318.11658288
  694.17130521 1171.53422695 1682.34937249 2213.37941833 2761.90680556
 3321.33916106 3886.94097508 4454.59658798 5021.26326201 5582.36851816]"
1,"[1.5  1.51 1.52 1.53 1.54 1.55 1.56 1.57 1.58 1.59 1.6  1.61 1.62 1.63
 1.64 1.65 1.66 1.67 1.68 1.69]","[0.01 0.01 0.01 0.01 0.01 0.01 0.01 0.01 0.01 0.01 0.01 0.01 0.01 0.01
 0.01 0.01 0.01 0.01 0.01 0.01]","[2281.02604948 2120.18176485 1924.74164112 1694.47639005 1430.40680142
 1134.66890402  812.81079486  513.14928723  732.23637502 1076.53996012
 1455.31706101 1857.4522059  2280.09200351 2725.51283659 3189.70276633
 3671.30438821 4168.71280681 4672.97119502 5180.08730622 5684.80740567]"
2,"[1.5  1.51 1.52 1.53 1.54 1.55 1.56 1.57 1.58 1.59 1.6  1.61 1.62 1.63
 1.64 1.65 1.66 1.67 1.68 1.69]","[0.02 0.02 0.02 0.02 0.02 0.02 0.02 0.02 0.02 0.02 0.02 0.02 0.02 0.02
 0.02 0.02 0.02 0.02 0.02 0.02]","[1602.53299523 1460.77319674 1287.1680656  1084.95841426  892.68504403
  876.54529687 1049.74887884 1299.98238178 1589.96538398 1906.9372469
 2248.04234995 2610.12221668 2989.82905862 3383.41692955 3788.71740955
 4201.05740766 4618.30126211 5044.42011728 5475.96479245 5916.46047416]"
3,"[1.5  1.51 1.52 1.53 1.54 1.55 1.56 1.57 1.58 1.59 1.6  1.61 1.62 1.63
 1.64 1.65 1.66 1.67 1.68 1.69]","[0.03 0.03 0.03 0.03 0.03 0.03 0.03 0.03 0.03 0.03 0.03 0.03 0.03 0.03
 0.03 0.03 0.03 0.03 0.03 0.03]","[1370.5982459  1318.67491851 1312.68484468 1358.87204246 1479.59876451
 1648.66858933 1858.37871502 2096.41764445 2360.60567352 2648.84085837
 2958.72821594 3287.48727468 3632.2600672  3990.36321912 4358.93901594
 4734.59070046 5114.07496297 5494.6826164  5874.14866675 6248.77355945]"
4,"[1.5  1.51 1.52 1.53 1.54 1.55 1.56 1.57 1.58 1.59 1.6  1.61 1.62 1.63
 1.64 1.65 1.66 1.67 1.68 1.69]","[0.04 0.04 0.04 0.04 0.04 0.04 0.04 0.04 0.04 0.04 0.04 0.04 0.04 0.04
 0.04 0.04 0.04 0.04 0.04 0.04]","[1905.42279018 1928.61696376 1991.13522435 2090.68400184 2226.67489757
 2390.91583792 2582.05041424 2798.79920557 3039.39254794 3301.92000633
 3584.34966623 3884.38736583 4199.33043506 4526.50910542 4863.18375053
 5206.57400211 5553.90488617 5902.53613256 6249.96882001 6593.61829742]"
5,"[1.5  1.51 1.52 1.53 1.54 1.55 1.56 1.57 1.58 1.59 1.6  1.61 1.62 1.63
 1.64 1.65 1.66 1.67 1.68 1.69]","[0.05 0.05 0.05 0.05 0.05 0.05 0.05 0.05 0.05 0.05 0.05 0.05 0.05 0.05
 0.05 0.05 0.05 0.05 0.05 0.05]","[2571.246121   2611.88344964 2681.76993367 2778.62565555 2901.88132182
 3050.74126409 3224.20638621 3421.07858048 3639.82938791 3878.76280014
 4135.97834718 4409.36047174 4696.636819   4995.39859013 5303.21197146
 5617.60947256 5936.24815057 6256.58535515 6576.18710919 6892.78288562]"
6,"[1.5  1.51 1.52 1.53 1.54 1.55 1.56 1.57 1.58 1.59 1.6  1.61 1.62 1.63
 1.64 1.65 1.66 1.67 1.68 1.69]","[0.06 0.06 0.06 0.06 0.06 0.06 0.06 0.06 0.06 0.06 0.06 0.06 0.06 0.06
 0.06 0.06 0.06 0.06 0.06 0.06]","[3207.33455284 3244.1840312  3306.2578484  3393.17908017 3504.38277474
 3639.1069997  3796.38797354 3975.05990805 4173.75994684 4390.97416059
 4625.01704223 4873.94097174 5135.78549279 5408.4752952  5689.80687084
 5977.54459983 6269.48976596 6563.40629631 6857.1509071  7148.66085419]"
7,"[1.5  1.51 1.52 1.53 1.54 1.55 1.56 1.57 1.58 1.59 1.6  1.61 1.62 1.63
 1.64 1.65 1.66 1.67 1.68 1.69]","[0.07 0.07 0.07 0.07 0.07 0.07 0.07 0.07 0.07 0.07 0.07 0.07 0.07 0.07
 0.07 0.07 0.07 0.07 0.07 0.07]","[3780.84013539 3812.03546185 3866.5452034  3943.98496081 4043.80368305
 4165.27744381 4307.50648194 4469.41598822 4649.76094035 4847.13509147
 5059.98401727 5286.62193737 5525.25185733 5774.06945836 6031.0482318
 6294.22968712 6561.62066013 6831.20042555 7101.02803982 7369.22672178]"
8,"[1.5  1.51 1.52 1.53 1.54 1.55 1.56 1.57 1.58 1.59 1.6  1.61 1.62 1.63
 1.64 1.65 1.66 1.67 1.68 1.69]","[0.08 0.08 0.08 0.08 0.08 0.08 0.08 0.08 0.08 0.08 0.08 0.08 0.08 0.08
 0.08 0.08 0.08 0.08 0.08 0.08]","[4297.78214764 4323.50047897 4370.79093461 4439.2714186  4528.41119405
 4637.52669471 4765.77997596 4912.1801771  5075.58823081 5254.7249062
 5448.18211784 5654.43728633 5871.87040212 6098.78333237 6333.42082323
 6573.99259014 6818.69585752 7065.77366236 7313.45191895 7560.05103181]"
9,"[1.5  1.51 1.52 1.53 1.54 1.55 1.56 1.57 1.58 1.59 1.6  1.61 1.62 1.63
 1.64 1.65 1.66 1.67 1.68 1.69]","[0.09 0.09 0.09 0.09 0.09 0.09 0.09 0.09 0.09 0.09 0.09 0.09 0.09 0.09
 0.09 0.09 0.09 0.09 0.09 0.09]","[4764.95408184 4785.4066986  4825.86033635 4885.94002161 4965.11898548
 5062.75496756 5178.06924218 5310.14854929 5457.94965396 5620.30660318
 5795.9406299  5983.47253911 6181.43730517 6388.30051919 6602.47625349
 6822.34585907 7046.27718345 7272.64368852 7499.84296198 7726.31414829]"
10,"[1.5  1.51 1.52 1.53 1.54 1.55 1.56 1.57 1.58 1.59 1.6  1.61 1.62 1.63
 1.64 1.65 1.66 1.67 1.68 1.69]","[0.1 0.1 0.1 0.1 0.1 0.1 0.1 0.1 0.1 0.1 0.1 0.1 0.1 0.1 0.1 0.1 0.1 0.1
 0.1 0.1]","[5188.14018433 5203.63929846 5237.65428063 5289.86268938 5359.76330826
 5446.76410059 5550.12795861 5669.00616214 5802.44251255 5949.37267951
 6108.63294814 6278.97099661 6459.05849113 6647.50521164 6842.87436329
 7043.69868512 7248.4969423  7455.79037914 7664.11871897 7872.05532036]"
11,"[1.5  1.51 1.52 1.53 1.54 1.55 1.56 1.57 1.58 1.59 1.6  1.61 1.62 1.63
 1.64 1.65 1.66 1.67 1.68 1.69]","[0.11 0.11 0.11 0.11 0.11 0.11 0.11 0.11 0.11 0.11 0.11 0.11 0.11 0.11
 0.11 0.11 0.11 0.11 0.11 0.11]","[5572.19935372 5583.05711037 5611.1412127  5656.05745581 5717.35436776
 5794.50725988 5886.82452447 5993.54383962 6113.77191142 6246.52841921
 6390.75256428 6545.30494622 6708.97851257 6880.51077965 7058.59704693
 7241.90429167 7429.08540783 7618.79344462 7809.6955049  8000.4859815 ]"
12,"[1.5  1.51 1.52 1.53 1.54 1.55 1.56 1.57 1.58 1.59 1.6  1.61 1.62 1.63
 1.64 1.65 1.66 1.67 1.68 1.69]","[0.12 0.12 0.12 0.12 0.12 0.12 0.12 0.12 0.12 0.12 0.12 0.12 0.12 0.12
 0.12 0.12 0.12 0.12 0.12 0.12]","[5921.60294548 5928.15154077 5950.64309951 5988.75324904 6042.12482138
 6110.20865073 6192.34674758 6287.85757261 6395.91946176 6515.66106074
 6646.08227933 6786.14470885 6934.74944834 7090.74774692 7252.95248075
 7420.15021006 7591.11354216 7764.61351826 7939.43174433 8114.37199951]"
13,"[1.5  1.51 1.52 1.53 1.54 1.55 1.56 1.57 1.58 1.59 1.6  1.61 1.62 1.63
 1.64 1.65 1.66 1.67 1.68 1.69]","[0.13 0.13 0.13 0.13 0.13 0.13 0.13 0.13 0.13 0.13 0.13 0.13 0.13 0.13
 0.13 0.13 0.13 0.13 0.13 0.13]","[6239.78199842 6242.40087353 6259.84935798 6291.80127099 6337.8611761
 6397.54544813 6470.30498192 6555.49397757 6652.34233043 6760.08958071
 6877.82617271 7004.59028153 7139.36216895 7281.09478823 7428.70611641
 7581.08967499 7737.12532095 7895.69007603 8055.66876305 8215.96422831]"
14,"[1.5  1.51 1.52 1.53 1.54 1.55 1.56 1.57 1.58 1.59 1.6  1.61 1.62 1.63
 1.64 1.65 1.66 1.67 1.68 1.69]","[0.14 0.14 0.14 0.14 0.14 0.14 0.14 0.14 0.14 0.14 0.14 0.14 0.14 0.14
 0.14 0.14 0.14 0.14 0.14 0.14]","[6529.95950784 6529.00266526 6541.80607321 6568.09263555 6607.50297587
 6659.57373239 6723.777598   6799.5104725  6886.09502207 6982.82598867
 7088.86051767 7203.33837241 7325.38798821 7453.99714191 7588.18295948
 7726.94384469 7869.24023547 8014.04463259 8160.33514111 8307.10450736]"
15,"[1.5  1.51 1.52 1.53 1.54 1.55 1.56 1.57 1.58 1.59 1.6  1.61 1.62 1.63
 1.64 1.65 1.66 1.67 1.68 1.69]","[0.15 0.15 0.15 0.15 0.15 0.15 0.15 0.15 0.15 0.15 0.15 0.15 0.15 0.15
 0.15 0.15 0.15 0.15 0.15 0.15]","[6794.94868959 6790.73503165 6799.31602987 6820.42534903 6853.72222293
 6898.81600242 6955.19904575 7022.31425053 7099.53970099 7186.19155662
 7281.52913733 7384.76409229 7495.09533662 7611.62942712 7733.48814407
 7859.70475864 7989.34091179 8121.4553551  8255.11066598 8389.38126699]"
16,"[1.5  1.51 1.52 1.53 1.54 1.55 1.56 1.57 1.58 1.59 1.6  1.61 1.62 1.63
 1.64 1.65 1.66 1.67 1.68 1.69]","[0.16 0.16 0.16 0.16 0.16 0.16 0.16 0.16 0.16 0.16 0.16 0.16 0.16 0.16
 0.16 0.16 0.16 0.16 0.16 0.16]","[7037.23869404 7030.07247465 7034.8090945  7051.20113711 7078.93307291
 7117.62225037 7166.8376858  7226.05972006 7294.7094932  7372.15982523
 7457.7320831  7550.70147593 7650.30296858 7755.73772783 7866.18889549
 7980.85736016 8098.83603942 8219.27309481 8341.28739062 8464.02779291]"
17,"[1.5  1.51 1.52 1.53 1.54 1.55 1.56 1.57 1.58 1.59 1.6  1.61 1.62 1.63
 1.64 1.65 1.66 1.67 1.68 1.69]","[0.17 0.17 0.17 0.17 0.17 0.17 0.17 0.17 0.17 0.17 0.17 0.17 0.17 0.17
 0.17 0.17 0.17 0.17 0.17 0.17]","[7259.02463373 7249.19359565 7250.44104245 7262.53780429 7285.19228118
 7318.05151851 7360.70287482 7412.68963297 7473.48597397 7542.50521047
 7619.12518063 7702.68177083 7792.47421355 7887.770839   7987.81519354
 8091.83242706 8199.06397375 8308.69049214 8419.93082307 8532.01035524]"
18,"[1.5  1.51 1.52 1.53 1.54 1.55 1.56 1.57 1.58 1.59 1.6  1.61 1.62 1.63
 1.64 1.65 1.66 1.67 1.68 1.69]","[0.18 0.18 0.18 0.18 0.18 0.18 0.18 0.18 0.18 0.18 0.18 0.18 0.18 0.18
 0.18 0.18 0.18 0.18 0.18 0.18]","[7462.24844464 7450.02285307 7448.11317579 7456.30768148 7474.33733706
 7501.87692666 7538.54669022 7583.91450435 7637.51040612 7698.80750831
 7767.22274745 7842.14719868 7922.93846077 8008.92580587 8099.4156444
 8193.69722254 8291.0484632  8390.76097472 8492.09657126 8594.32588753]"
19,"[1.5  1.51 1.52 1.53 1.54 1.55 1.56 1.57 1.58 1.59 1.6  1.61 1.62 1.63
 1.64 1.65 1.66 1.67 1.68 1.69]","[0.19 0.19 0.19 0.19 0.19 0.19 0.19 0.19 0.19 0.19 0.19 0.19 0.19 0.19
 0.19 0.19 0.19 0.19 0.19 0.19]","[7648.63313919 7634.2654548  7629.50777409 7634.16491388 7647.98903018
 7670.68075045 7701.89076387 7741.22188579 7788.23160228 7842.44722284
 7903.34500544 7970.35476055 8042.88719008 8120.32697025 8202.03764894
 8287.36674502 8375.65097457 8466.2215252  8558.4210711  8651.58733357]"
