,n space,k space,Chi Square Statistic
0,"[1.5  1.51 1.52 1.53 1.54 1.55 1.56 1.57 1.58 1.59 1.6  1.61 1.62 1.63
 1.64 1.65 1.66 1.67 1.68 1.69]",[0. 0. 0. 0. 0. 0. 0. 0. 0. 0. 0. 0. 0. 0. 0. 0. 0. 0. 0. 0.],"[1528.49091243 1400.60750929 1261.6936507  1113.17136965  956.30506063
  793.13322915  624.05377204  458.83549685  323.93952339  249.27259528
  266.51451322  402.5973606   602.62633861  812.35133206 1025.32513435
 1240.16547923 1455.12569532 1669.11698331 1880.42292113 2087.74170429]"
1,"[1.5  1.51 1.52 1.53 1.54 1.55 1.56 1.57 1.58 1.59 1.6  1.61 1.62 1.63
 1.64 1.65 1.66 1.67 1.68 1.69]","[0.01 0.01 0.01 0.01 0.01 0.01 0.01 0.01 0.01 0.01 0.01 0.01 0.01 0.01
 0.01 0.01 0.01 0.01 0.01 0.01]","[1321.64782408 1208.1034978  1084.57720138  951.80827482  811.04664183
  670.05781596  551.89881654  466.01811786  425.79265697  463.21555447
  582.27973453  729.94112622  886.70383809 1050.99168752 1221.72883746
 1399.44847112 1582.04298239 1767.05757621 1954.3567518  2141.05315743]"
2,"[1.5  1.51 1.52 1.53 1.54 1.55 1.56 1.57 1.58 1.59 1.6  1.61 1.62 1.63
 1.64 1.65 1.66 1.67 1.68 1.69]","[0.02 0.02 0.02 0.02 0.02 0.02 0.02 0.02 0.02 0.02 0.02 0.02 0.02 0.02
 0.02 0.02 0.02 0.02 0.02 0.02]","[1144.05327222 1044.35901491  943.31269878  846.63180245  765.91532767
  697.10477998  657.71406086  670.58672436  748.71704821  863.65048319
  991.44218476 1127.02565387 1269.36824564 1417.47902023 1570.45453263
 1727.45003753 1887.20623041 2048.7331068  2210.82049799 2371.98090018]"
3,"[1.5  1.51 1.52 1.53 1.54 1.55 1.56 1.57 1.58 1.59 1.6  1.61 1.62 1.63
 1.64 1.65 1.66 1.67 1.68 1.69]","[0.03 0.03 0.03 0.03 0.03 0.03 0.03 0.03 0.03 0.03 0.03 0.03 0.03 0.03
 0.03 0.03 0.03 0.03 0.03 0.03]","[1049.32439284  989.25294568  934.28175489  885.81383899  862.55317634
  878.44237295  930.84585286 1014.35642498 1115.76904328 1225.93988831
 1344.1120542  1469.44537181 1601.02472459 1737.87045847 1878.95052341
 2023.19395059 2169.51500146 2316.96987285 2464.7111942  2611.70042973]"
4,"[1.5  1.51 1.52 1.53 1.54 1.55 1.56 1.57 1.58 1.59 1.6  1.61 1.62 1.63
 1.64 1.65 1.66 1.67 1.68 1.69]","[0.04 0.04 0.04 0.04 0.04 0.04 0.04 0.04 0.04 0.04 0.04 0.04 0.04 0.04
 0.04 0.04 0.04 0.04 0.04 0.04]","[1092.44204606 1074.07498697 1072.73085074 1086.799773   1124.26795659
 1183.83119557 1259.84931702 1345.00981298 1438.78513596 1540.56899621
 1649.67869937 1765.35953251 1886.7911006  2013.09543989 2143.34667745
 2276.58196714 2411.8134083  2548.04064118 2684.26380662 2819.49655512]"
5,"[1.5  1.51 1.52 1.53 1.54 1.55 1.56 1.57 1.58 1.59 1.6  1.61 1.62 1.63
 1.64 1.65 1.66 1.67 1.68 1.69]","[0.05 0.05 0.05 0.05 0.05 0.05 0.05 0.05 0.05 0.05 0.05 0.05 0.05 0.05
 0.05 0.05 0.05 0.05 0.05 0.05]","[1297.60717532 1305.42268405 1331.86019954 1371.88503026 1424.23856853
 1485.740984   1556.03933541 1634.71400546 1721.27739949 1815.17413664
 1915.78284373 2022.41958673 2134.34290458 2250.76034849 2370.83637969
 2493.70143845 2618.46196735 2744.21114982 2870.04010799 2995.04929142]"
6,"[1.5  1.51 1.52 1.53 1.54 1.55 1.56 1.57 1.58 1.59 1.6  1.61 1.62 1.63
 1.64 1.65 1.66 1.67 1.68 1.69]","[0.06 0.06 0.06 0.06 0.06 0.06 0.06 0.06 0.06 0.06 0.06 0.06 0.06 0.06
 0.06 0.06 0.06 0.06 0.06 0.06]","[1555.10595895 1576.7359691  1607.46438648 1647.11604571 1695.46543438
 1752.23344807 1817.08468557 1889.6255314  1969.4032361  2055.90615725
 2148.56527074 2246.75700581 2349.80740344 2456.99754763 2567.57017474
 2680.73732868 2795.6888979  2911.60184422 3027.64991205 3143.01358918]"
7,"[1.5  1.51 1.52 1.53 1.54 1.55 1.56 1.57 1.58 1.59 1.6  1.61 1.62 1.63
 1.64 1.65 1.66 1.67 1.68 1.69]","[0.07 0.07 0.07 0.07 0.07 0.07 0.07 0.07 0.07 0.07 0.07 0.07 0.07 0.07
 0.07 0.07 0.07 0.07 0.07 0.07]","[1807.11723837 1826.9107231  1855.12614276 1891.58906751 1936.07936874
 1988.3288599  2048.01934752 2114.78128884 2188.19322857 2267.78215475
 2353.024875   2443.3504728  2538.14386097 2636.75040878 2738.48158102
 2842.62149306 2948.43425527 3055.17195384 3162.08309205 3268.42129729]"
8,"[1.5  1.51 1.52 1.53 1.54 1.55 1.56 1.57 1.58 1.59 1.6  1.61 1.62 1.63
 1.64 1.65 1.66 1.67 1.68 1.69]","[0.08 0.08 0.08 0.08 0.08 0.08 0.08 0.08 0.08 0.08 0.08 0.08 0.08 0.08
 0.08 0.08 0.08 0.08 0.08 0.08]","[2032.33867978 2050.28976444 2076.04250611 2109.42570672 2150.22640207
 2198.18818572 2253.00985726 2314.34455126 2381.79948777 2454.93646254
 2533.27316686 2616.28539511 2703.41016503 2794.04974184 2887.57652532
 2983.33872816 3080.6667461  3178.88009491 3277.29476755 3375.23084592]"
9,"[1.5  1.51 1.52 1.53 1.54 1.55 1.56 1.57 1.58 1.59 1.6  1.61 1.62 1.63
 1.64 1.65 1.66 1.67 1.68 1.69]","[0.09 0.09 0.09 0.09 0.09 0.09 0.09 0.09 0.09 0.09 0.09 0.09 0.09 0.09
 0.09 0.09 0.09 0.09 0.09 0.09]","[2234.14065482 2250.27852824 2273.64789304 2304.08256188 2341.37799347
 2385.29014374 2435.53458382 2491.78600915 2553.6782544  2620.80491261
 2692.72063574 2768.94316997 2848.956152   2932.21266559 3018.13952988
 3106.1422647  3195.61065292 3285.9247973  3376.46154869 3466.60116537]"
10,"[1.5  1.51 1.52 1.53 1.54 1.55 1.56 1.57 1.58 1.59 1.6  1.61 1.62 1.63
 1.64 1.65 1.66 1.67 1.68 1.69]","[0.1 0.1 0.1 0.1 0.1 0.1 0.1 0.1 0.1 0.1 0.1 0.1 0.1 0.1 0.1 0.1 0.1 0.1
 0.1 0.1]","[2415.3858299  2429.76408637 2450.84876894 2478.47993589 2512.46231123
 2552.56454242 2598.51868505 2650.02001395 2706.72725303 2768.26330521
 2834.21654742 2904.14273691 2977.56755414 3053.98978433 3132.88511741
 3213.71052303 3295.9091355  3378.91556358 3462.16152166 3545.08166385]"
11,"[1.5  1.51 1.52 1.53 1.54 1.55 1.56 1.57 1.58 1.59 1.6  1.61 1.62 1.63
 1.64 1.65 1.66 1.67 1.68 1.69]","[0.11 0.11 0.11 0.11 0.11 0.11 0.11 0.11 0.11 0.11 0.11 0.11 0.11 0.11
 0.11 0.11 0.11 0.11 0.11 0.11]","[2578.52045611 2591.20928476 2610.12034108 2635.10074967 2665.96501296
 2702.49458113 2744.43762092 2791.50906217 2843.39099688 2899.73349674
 2960.15590316 3024.2486287  3091.57549214 3161.67659028 3234.07169096
 3308.26411204 3383.74503275 3459.99816608 3536.50470535 3612.74844472]"
12,"[1.5  1.51 1.52 1.53 1.54 1.55 1.56 1.57 1.58 1.59 1.6  1.61 1.62 1.63
 1.64 1.65 1.66 1.67 1.68 1.69]","[0.12 0.12 0.12 0.12 0.12 0.12 0.12 0.12 0.12 0.12 0.12 0.12 0.12 0.12
 0.12 0.12 0.12 0.12 0.12 0.12]","[2725.64606958 2736.72649177 2753.58215968 2776.06776924 2804.00785609
 2837.19660393 2875.39783068 2918.34521544 2965.74282589 3017.26599965
 3072.56262351 3131.25484272 3192.94121862 3257.19933775 3323.58885952
 3391.65497328 3460.93221993 3530.94861812 3601.23002183 3671.30462455]"
13,"[1.5  1.51 1.52 1.53 1.54 1.55 1.56 1.57 1.58 1.59 1.6  1.61 1.62 1.63
 1.64 1.65 1.66 1.67 1.68 1.69]","[0.13 0.13 0.13 0.13 0.13 0.13 0.13 0.13 0.13 0.13 0.13 0.13 0.13 0.13
 0.13 0.13 0.13 0.13 0.13 0.13]","[2858.57655726 2868.13615997 2883.05804268 2903.20473768 2928.41086839
 2958.48313796 2993.20047956 3032.31441819 3075.54969153 3122.60517289
 3173.15513132 3226.85085508 3283.3226529  3342.1822353  3403.02546483
 3465.4354504  3528.98594793 3593.24501656 3657.77886853 3722.15584117]"
14,"[1.5  1.51 1.52 1.53 1.54 1.55 1.56 1.57 1.58 1.59 1.6  1.61 1.62 1.63
 1.64 1.65 1.66 1.67 1.68 1.69]","[0.14 0.14 0.14 0.14 0.14 0.14 0.14 0.14 0.14 0.14 0.14 0.14 0.14 0.14
 0.14 0.14 0.14 0.14 0.14 0.14]","[2978.88410518 2987.01388069 3000.12414473 3018.08534968 3040.74210807
 3067.913316   3099.39242493 3134.94790128 3174.32391159 3217.24126737
 3263.39865757 3312.47418927 3364.12724775 3418.00067695 3473.72327024
 3530.91255032 3589.17780573 3648.12334098 3707.35188804 3766.4681184 ]"
15,"[1.5  1.51 1.52 1.53 1.54 1.55 1.56 1.57 1.58 1.59 1.6  1.61 1.62 1.63
 1.64 1.65 1.66 1.67 1.68 1.69]","[0.15 0.15 0.15 0.15 0.15 0.15 0.15 0.15 0.15 0.15 0.15 0.15 0.15 0.15
 0.15 0.15 0.15 0.15 0.15 0.15]","[3087.93657198 3094.72858413 3106.14791915 3122.07289723 3142.35790641
 3166.83362493 3195.30738072 3227.56367892 3263.36492745 3302.45238722
 3344.54736924 3389.3526941  3436.55442244 3485.82385591 3536.81979952
 3589.19106679 3642.57919958 3696.62136621 3750.95339326 3805.21287971]"
16,"[1.5  1.51 1.52 1.53 1.54 1.55 1.56 1.57 1.58 1.59 1.6  1.61 1.62 1.63
 1.64 1.65 1.66 1.67 1.68 1.69]","[0.16 0.16 0.16 0.16 0.16 0.16 0.16 0.16 0.16 0.16 0.16 0.16 0.16 0.16
 0.16 0.16 0.16 0.16 0.16 0.16]","[3186.92815905 3192.47383208 3202.31998606 3216.35265635 3234.4357086
 3256.41113198 3282.09945955 3311.30034005 3343.79328445 3379.33860834
 3417.67858698 3458.53883493 3501.62991616 3546.6491832  3593.28283672
 3641.20818904 3690.09610738 3739.61360554 3789.42654606 3839.20240938]"
17,"[1.5  1.51 1.52 1.53 1.54 1.55 1.56 1.57 1.58 1.59 1.6  1.61 1.62 1.63
 1.64 1.65 1.66 1.67 1.68 1.69]","[0.17 0.17 0.17 0.17 0.17 0.17 0.17 0.17 0.17 0.17 0.17 0.17 0.17 0.17
 0.17 0.17 0.17 0.17 0.17 0.17]","[3276.90477633 3281.29365514 3289.68040624 3301.95855478 3318.00108637
 3337.66078927 3360.77071462 3387.14477364 3416.57849018 3448.84992449
 3483.72078138 3520.93771123 3560.23380776 3601.33030023 3643.93843186
 3687.76150982 3732.49710574 3777.83937963 3823.48149511 3869.11808868]"
18,"[1.5  1.51 1.52 1.53 1.54 1.55 1.56 1.57 1.58 1.59 1.6  1.61 1.62 1.63
 1.64 1.65 1.66 1.67 1.68 1.69]","[0.18 0.18 0.18 0.18 0.18 0.18 0.18 0.18 0.18 0.18 0.18 0.18 0.18 0.18
 0.18 0.18 0.18 0.18 0.18 0.18]","[3358.78516488 3362.104034   3369.14049417 3379.79528386 3393.95011078
 3411.46802594 3432.19390731 3455.95506797 3482.56200268 3511.80928516
 3543.47662569 3577.33009523 3613.12351792 3650.6000292  3689.49379163
 3729.53185528 3770.43614428 3811.9255461  3853.71807605 3895.53308532]"
19,"[1.5  1.51 1.52 1.53 1.54 1.55 1.56 1.57 1.58 1.59 1.6  1.61 1.62 1.63
 1.64 1.65 1.66 1.67 1.68 1.69]","[0.19 0.19 0.19 0.19 0.19 0.19 0.19 0.19 0.19 0.19 0.19 0.19 0.19 0.19
 0.19 0.19 0.19 0.19 0.19 0.19]","[3433.37859272 3435.71086848 3441.5010392  3450.65674584 3463.06799547
 3478.60755388 3497.13144012 3518.47953424 3542.47630905 3568.93169491
 3597.64208469 3628.39148289 3660.95279951 3695.08928542 3730.55610162
 3767.10201064 3804.47117374 3842.40503387 3880.64426041 3918.93072895]"
