,Theta,Input Phase Function
0,15.0,216.69314931136165
1,15.5,219.45929323363612
2,16.0,193.845014482159
3,16.5,189.80071912232037
4,17.0,182.53968439426708
5,17.5,193.94383951886067
6,18.0,174.19692249458438
7,18.5,171.62114924934866
8,19.0,170.80894009331038
9,19.5,152.49244013429652
10,20.0,158.61417184085127
11,20.5,144.51792744222763
12,21.0,131.028654027364
13,21.5,126.78570725459981
14,22.0,126.1984530014009
15,22.5,127.69149290654003
16,23.0,107.54772262478194
17,23.5,109.76020441780774
18,24.0,95.51014504143839
19,24.5,97.47069184557695
20,25.0,91.94895914417623
21,25.5,84.70151392458757
22,26.0,83.91776596817996
23,26.5,79.98125528323118
24,27.0,82.98804574569888
25,27.5,66.74398036368416
26,28.0,61.3463259738746
27,28.5,69.3143023241141
28,29.0,66.88071479578998
29,29.5,52.618598620629584
30,30.0,55.51380301403306
31,30.5,47.082229896656905
32,31.0,43.22624239231002
33,31.5,42.45332311268961
34,32.0,41.04976224905085
35,32.5,37.33999475260218
36,33.0,35.718915921740326
37,33.5,32.709058030975775
38,34.0,31.330905770394814
39,34.5,26.1452876383448
40,35.0,24.997910263311866
41,35.5,25.79516210420837
42,36.0,20.219356198542545
43,36.5,22.314488695302735
44,37.0,19.937726566076094
45,37.5,19.852587241120364
46,38.0,18.148055902624073
47,38.5,17.128422948393887
48,39.0,16.347497364117153
49,39.5,16.201029571238877
50,40.0,15.268225823525558
51,40.5,13.802546875490725
52,41.0,14.248787974716777
53,41.5,13.963368139779671
54,42.0,14.25296251544296
55,42.5,13.005729917097923
56,43.0,12.855627226518255
57,43.5,12.465570391202244
58,44.0,13.21930806983828
59,44.5,11.392894726219954
60,45.0,12.485379605727072
61,45.5,11.417910139173953
62,46.0,13.657862827085175
63,46.5,12.522928945819496
64,47.0,12.329588075706205
65,47.5,12.45455761974227
66,48.0,14.03306401769025
67,48.5,14.022900428770129
68,49.0,12.75117059229784
69,49.5,13.100416221766661
70,50.0,12.790667130672208
71,50.5,13.809394093576591
72,51.0,13.94737276982717
73,51.5,13.62176059803933
74,52.0,16.657581655821325
75,52.5,15.066817196444857
76,53.0,15.327992168608647
77,53.5,14.397313372671578
78,54.0,15.438469751090938
79,54.5,15.583151582118207
80,55.0,14.330769850237534
81,55.5,16.422260436210863
82,56.0,17.147279519262582
83,56.5,15.836852989536563
84,57.0,16.516456070709154
85,57.5,16.0198360682599
86,58.0,15.986590125323307
87,58.5,15.192299626863791
88,59.0,15.33483951846362
89,59.5,15.380973418519039
90,60.0,15.776866682133676
91,60.5,15.855178750352167
92,61.0,13.896697068905006
93,61.5,15.331879423044505
94,62.0,14.485414885286755
95,62.5,14.16672719845359
96,63.0,13.87922326797708
97,63.5,14.409431530063882
98,64.0,13.761109963947879
99,64.5,13.463365859031647
100,65.0,12.280972795691152
101,65.5,12.844286065752035
102,66.0,12.501046066344967
103,66.5,12.219744142146716
104,67.0,12.703149957778692
105,67.5,11.838803801857017
106,68.0,11.37671437579254
107,68.5,10.501383556999212
108,69.0,10.229516774866518
109,69.5,10.115736916432025
110,70.0,10.408890295301841
111,70.5,9.897545903923227
112,71.0,9.079594751062064
113,71.5,8.747316140278917
114,72.0,7.866875602989784
115,72.5,7.855524257079516
116,73.0,7.9638448176087735
117,73.5,8.160332032850377
118,74.0,7.566755453046109
119,74.5,7.2849729758948545
120,75.0,6.438571151899193
121,75.5,6.083887318533103
122,76.0,5.90566312172765
123,76.5,5.517283506296164
124,77.0,6.127823878724089
125,77.5,5.464187973880725
126,78.0,5.110855693961535
127,78.5,5.210962070202198
128,79.0,4.892458943416203
129,79.5,4.682225417563734
130,80.0,4.567604831033978
131,80.5,4.641905055677122
132,81.0,4.318198025097312
133,81.5,4.486639808893524
134,82.0,3.987589956287192
135,82.5,3.7898435297375723
136,83.0,4.076829657584988
137,83.5,4.385262386066004
138,84.0,4.143756964932967
139,84.5,3.6846409519830177
140,85.0,3.9391199986310834
141,85.5,3.880994447684547
142,86.0,3.3773026271296773
143,86.5,4.147438947009768
144,87.0,3.856401049891173
145,87.5,4.109094410372211
146,88.0,3.762242277872488
147,88.5,4.227679191304557
148,89.0,4.017266773732586
149,89.5,4.108471863499916
150,90.0,3.7633084848334617
151,90.5,4.208857218610812
152,91.0,4.207492307702952
153,91.5,3.96568444830471
154,92.0,4.383423861268829
155,92.5,4.473446249616793
156,93.0,4.239033190202467
157,93.5,4.333863116884957
158,94.0,4.266543119932216
159,94.5,4.400131917317827
160,95.0,4.13397707103744
161,95.5,4.647833108429805
162,96.0,4.314183683616045
163,96.5,4.575631540867847
164,97.0,4.297133439442924
165,97.5,5.070419962187085
166,98.0,4.318380784927077
167,98.5,4.644389603255075
168,99.0,4.3215970180331675
169,99.5,4.593840309308067
170,100.0,4.996244722784109
171,100.5,4.605484892592295
172,101.0,4.251469110610456
173,101.5,4.2182980147709825
174,102.0,4.3073497643604055
175,102.5,4.125828405377222
176,103.0,4.095763109214867
177,103.5,4.0930585032558335
178,104.0,3.7046701703548965
179,104.5,3.620449349220799
180,105.0,3.6707610038761245
181,105.5,3.6194628057826157
182,106.0,3.4814424856630963
183,106.5,3.7640519670621737
184,107.0,3.4436649917924362
185,107.5,3.092930107588013
186,108.0,2.9077654305380767
187,108.5,3.1206137544424313
188,109.0,2.847788538613596
189,109.5,2.6402097467813284
190,110.0,2.4598061281386894
191,110.5,2.5178044482121296
192,111.0,2.7098012163075733
193,111.5,2.4665114188089414
194,112.0,2.4666710448016302
195,112.5,2.1446212137168983
196,113.0,2.2240275073579574
197,113.5,2.0618337701968765
198,114.0,1.8995212314375571
199,114.5,2.0030598350310407
200,115.0,1.7954530529392994
201,115.5,1.9378280331051951
202,116.0,1.7540936012456685
203,116.5,1.7556878648191099
204,117.0,1.8439200968729974
205,117.5,1.8104188176644216
206,118.0,1.609868150018377
207,118.5,1.7239455982400096
208,119.0,1.7180109360987046
209,119.5,1.7854704310102487
210,120.0,1.6355950333978906
211,120.5,1.7580455689607897
212,121.0,1.9327514438008282
213,121.5,1.890285054875411
214,122.0,1.9703234749940697
215,122.5,2.0457563322740118
216,123.0,2.088710527968328
217,123.5,2.3832940131441798
218,124.0,2.2766700493178784
219,124.5,2.427094214032265
220,125.0,2.4702708718601234
221,125.5,2.5995548374699817
222,126.0,2.7663978842113965
223,126.5,2.7030150972976577
224,127.0,3.247448720000037
225,127.5,2.9022404545793883
226,128.0,3.4858469723817027
227,128.5,3.4701825053343103
228,129.0,3.5191537188749344
229,129.5,3.760509756645645
230,130.0,3.903252944043787
231,130.5,4.21774383370707
232,131.0,4.529631529551571
233,131.5,4.527754991648648
234,132.0,4.489510197696603
235,132.5,4.515231822833947
236,133.0,4.726479945078997
237,133.5,4.329726457357528
238,134.0,5.2277633540798645
239,134.5,5.338057924558986
240,135.0,5.355278554038465
241,135.5,5.100952865732255
242,136.0,5.344216665718701
243,136.5,6.017332963293283
244,137.0,6.2212922800509824
245,137.5,5.336082842243906
246,138.0,6.222634257917962
247,138.5,6.01142550633671
248,139.0,5.962467250467548
249,139.5,6.461585512897362
250,140.0,6.792654941465341
251,140.5,6.297845112318205
252,141.0,6.579317190735435
253,141.5,6.2022393785538785
254,142.0,5.964367885440061
255,142.5,6.2854143651815315
256,143.0,7.062060701416562
257,143.5,6.55498882412162
258,144.0,6.783408572726171
259,144.5,6.6683845054476905
260,145.0,6.32905743177518
261,145.5,5.882697989665596
262,146.0,6.573542863062811
263,146.5,6.687222320645064
264,147.0,6.171908129504878
265,147.5,6.463776569965235
266,148.0,5.906670356221711
267,148.5,5.556923344813404
268,149.0,6.0312457538517865
269,149.5,6.1731887988809335
270,150.0,6.177628672430409
271,150.5,5.8649141691953215
272,151.0,5.984093387397281
273,151.5,5.031244974323905
274,152.0,6.109898307366988
275,152.5,5.624274664853194
276,153.0,5.992954597298417
277,153.5,6.200994720302018
278,154.0,5.523620936170902
279,154.5,5.754068356657527
280,155.0,5.42271459199798
281,155.5,5.573314974905905
282,156.0,5.275243887348496
283,156.5,5.64164768600888
284,157.0,5.891842494179787
285,157.5,5.595094836517106
286,158.0,5.157038936087195
287,158.5,5.871688542371605
288,159.0,5.9176556762097405
289,159.5,5.609026693068321
290,160.0,6.146934325779221
291,160.5,6.229019503007665
292,161.0,6.529584903560918
293,161.5,6.098625925037841
294,162.0,6.665462043224306
295,162.5,6.040881357233147
296,163.0,7.183790686981612
297,163.5,6.566426965333783
298,164.0,6.525177950595985
299,164.5,7.726834757674865
300,165.0,7.258200879602018
