,Theta,Input Phase Function
0,0.0,334.6832706686063
1,0.5,334.27388743482555
2,1.0,333.89309015146097
3,1.5,333.0703216923938
4,2.0,331.49973745863144
5,2.5,331.32049604855206
6,3.0,329.19357422308985
7,3.5,326.45361471443806
8,4.0,323.7317593544601
9,4.5,321.7935128861387
10,5.0,318.2443055202489
11,5.5,315.6211605237935
12,6.0,312.5783565696324
13,6.5,308.82658082968254
14,7.0,305.138262150554
15,7.5,300.1651878003988
16,8.0,296.9868673001168
17,8.5,291.85723763846613
18,9.0,287.4495252132751
19,9.5,282.0414866177828
20,10.0,276.5474855377665
21,10.5,270.77330044809753
22,11.0,264.14162831092074
23,11.5,259.4804748506195
24,12.0,253.78703199813367
25,12.5,248.08605436698812
26,13.0,241.47675322283584
27,13.5,235.44534182444644
28,14.0,230.87137761998514
29,14.5,223.3402733380312
30,15.0,216.90612483901998
31,15.5,209.93781682750586
32,16.0,202.31402290110466
33,16.5,196.74961932730116
34,17.0,189.36858801965903
35,17.5,183.4744063050595
36,18.0,177.4067142475236
37,18.5,170.44997231840188
38,19.0,165.63582730540136
39,19.5,157.3366297125707
40,20.0,152.5160800923484
41,20.5,145.84390531672528
42,21.0,139.35525934076335
43,21.5,133.96106011451909
44,22.0,127.39390856919327
45,22.5,121.66752765392027
46,23.0,116.87976418685813
47,23.5,110.33794234272371
48,24.0,105.32405127657992
49,24.5,99.6531760190513
50,25.0,95.30541863352201
51,25.5,90.38519673657507
52,26.0,85.63975757210345
53,26.5,80.0691416072564
54,27.0,76.22914279571037
55,27.5,70.63698370625079
56,28.0,67.93433015910566
57,28.5,63.572493429192384
58,29.0,59.12646205496658
59,29.5,56.03694025322172
60,30.0,52.22727869770112
61,30.5,49.758244109413816
62,31.0,45.61270853500834
63,31.5,42.38090706531733
64,32.0,40.047920696829145
65,32.5,37.32613198555135
66,33.0,34.15469139512626
67,33.5,32.26070374134192
68,34.0,29.50945046859552
69,34.5,27.55746552712924
70,35.0,26.552137710591964
71,35.5,24.912602406952818
72,36.0,22.76886219808244
73,36.5,20.252461453716947
74,37.0,20.80807252673335
75,37.5,18.349045871655743
76,38.0,18.636457061442133
77,38.5,16.72118286145497
78,39.0,16.411249199642032
79,39.5,16.644347281330525
80,40.0,15.585742354502893
81,40.5,14.012927168912451
82,41.0,13.933033393003083
83,41.5,12.843571289360527
84,42.0,13.815985873046818
85,42.5,12.427149478152835
86,43.0,13.717644699896546
87,43.5,11.24551392000199
88,44.0,12.876086738689162
89,44.5,12.506648385100707
90,45.0,12.943935427126517
91,45.5,11.795984124886097
92,46.0,12.696994546512503
93,46.5,12.898362242675924
94,47.0,12.619218881592381
95,47.5,12.842016702468698
96,48.0,12.722517948995739
97,48.5,13.601193896276422
98,49.0,12.888412164074076
99,49.5,13.79143932200156
100,50.0,14.513206187678403
101,50.5,14.942224814588133
102,51.0,13.337841304843828
103,51.5,15.112487518846784
104,52.0,14.505475360060332
105,52.5,15.161985886176723
106,53.0,14.27611967509633
107,53.5,15.5289773657531
108,54.0,14.679734624032383
109,54.5,16.638786392696357
110,55.0,14.972281159897783
111,55.5,15.963473489838394
112,56.0,14.91518058489412
113,56.5,15.440142493817735
114,57.0,16.603328896285422
115,57.5,16.564808368625563
116,58.0,15.972995570303155
117,58.5,15.268406637792532
118,59.0,15.74513965799632
119,59.5,15.992122430306116
120,60.0,15.876401655450579
121,60.5,15.19341851915955
122,61.0,15.892932846838018
123,61.5,15.3953386824708
124,62.0,14.762948009044846
125,62.5,14.798796695303269
126,63.0,14.950302684857332
127,63.5,13.974311849057624
128,64.0,13.78204198457729
129,64.5,12.871213767559599
130,65.0,13.67554529854036
131,65.5,13.07616278071121
132,66.0,13.759905774544826
133,66.5,12.347483342899864
134,67.0,11.59019170330165
135,67.5,11.887937710589153
136,68.0,11.695423036382175
137,68.5,9.95485352422862
138,69.0,11.077682777880728
139,69.5,11.131989436324933
140,70.0,10.877469297996235
141,70.5,9.450819311169193
142,71.0,9.199444130877865
143,71.5,9.357676052078746
144,72.0,8.816383717946001
145,72.5,7.797168586511841
146,73.0,8.271217106550194
147,73.5,7.071033403952844
148,74.0,7.73597090816039
149,74.5,6.958886430160414
150,75.0,6.600649567879197
151,75.5,5.889884179272685
152,76.0,6.310438637298716
153,76.5,5.76530112190394
154,77.0,4.306701912899916
155,77.5,6.197081583127726
156,78.0,4.733451497284358
157,78.5,5.456705681084133
158,79.0,4.218495514248528
159,79.5,5.321138563960019
160,80.0,3.8751214713742557
161,80.5,3.2488136825416927
162,81.0,6.216646061890351
163,81.5,4.854661417333241
164,82.0,4.224798820472482
165,82.5,4.467544320489731
166,83.0,3.8841275308491188
167,83.5,3.7977618156650044
168,84.0,4.476041754901542
169,84.5,3.769923178186572
170,85.0,3.478051963262771
171,85.5,3.99214463003509
172,86.0,4.178921076830023
173,86.5,3.4566031982291507
174,87.0,3.7737080636387224
175,87.5,2.922707930202469
176,88.0,4.163072238557254
177,88.5,2.936048211861251
178,89.0,3.9716392903890934
179,89.5,3.3673112617891574
180,90.0,3.655421264306859
181,90.5,3.7308176315082346
182,91.0,3.8739873246017225
183,91.5,5.687588424609949
184,92.0,5.101935218832099
185,92.5,4.425312903978671
186,93.0,5.414491703783244
187,93.5,4.259309501732488
188,94.0,5.8334384577104945
189,94.5,5.279087465814345
190,95.0,4.176779364009088
191,95.5,5.060636581762661
192,96.0,4.816464138772627
193,96.5,4.943184633439127
194,97.0,4.143489906372683
195,97.5,4.152091805673578
196,98.0,4.664272829281457
197,98.5,4.453487975948254
198,99.0,2.749416682967576
199,99.5,4.7373754576548865
200,100.0,4.557792010509256
201,100.5,4.1068263317650215
202,101.0,3.622296577175979
203,101.5,4.282133654888172
204,102.0,3.4344245676034015
205,102.5,3.0968149035064236
206,103.0,5.067239107464321
207,103.5,3.9795366854143173
208,104.0,2.6281538366839032
209,104.5,3.45606571691307
210,105.0,4.282710213671767
211,105.5,4.664678767867364
212,106.0,2.9010804041065503
213,106.5,4.121282424109048
214,107.0,3.9070050806535255
215,107.5,3.7253955292617054
216,108.0,3.8923755485678826
217,108.5,3.942140678473453
218,109.0,2.866264410224954
219,109.5,2.2527741713941176
220,110.0,2.4842087479957415
221,110.5,2.1315450873778556
222,111.0,3.6364910194836457
223,111.5,2.388146594725543
224,112.0,1.5924400521278694
225,112.5,1.7046491673042294
226,113.0,2.480957460391341
227,113.5,1.54296376547063
228,114.0,2.341081651755325
229,114.5,1.7942551513516602
230,115.0,1.8137208184148856
231,115.5,1.4740917811941086
232,116.0,1.4952166423255657
233,116.5,0.7869847708097343
234,117.0,1.8269687403463384
235,117.5,1.468785213943595
236,118.0,1.6314630491094688
237,118.5,1.0571037768081122
238,119.0,1.6516614300358987
239,119.5,1.4471469104227352
240,120.0,2.725920257972883
241,120.5,0.7864229899129102
242,121.0,1.5285481403434071
243,121.5,2.1215715830798647
244,122.0,1.4249426490082953
245,122.5,1.5726856575547745
246,123.0,1.892794709003657
247,123.5,2.587429459270972
248,124.0,3.3624999616920137
249,124.5,2.6354736860743797
250,125.0,1.9178796240835014
251,125.5,3.5074924961692338
252,126.0,3.3418474654365844
253,126.5,3.15620819713192
254,127.0,2.496855365470157
255,127.5,2.9658494868318304
256,128.0,3.7483841806171223
257,128.5,3.524640292871479
258,129.0,3.6018398037618575
259,129.5,3.429006834764432
260,130.0,4.342600676588675
261,130.5,5.176513132752821
262,131.0,4.568416337755852
263,131.5,6.005818982946303
264,132.0,3.6984418579363956
265,132.5,5.331483457530232
266,133.0,4.699691208396168
267,133.5,5.548466890939493
268,134.0,4.3249940566493565
269,134.5,5.188259377249483
270,135.0,5.606261316185911
271,135.5,4.710720418444328
272,136.0,5.255516373071732
273,136.5,5.009079206902195
274,137.0,6.339351033285927
275,137.5,5.8098160272755965
276,138.0,5.686299034330151
277,138.5,6.379545972430181
278,139.0,6.254123465126545
279,139.5,6.464103245538587
280,140.0,5.180195789701507
281,140.5,5.771585629696169
282,141.0,5.019536579384543
283,141.5,5.843654787541527
284,142.0,5.835076990732369
285,142.5,7.186853261939139
286,143.0,6.118130977031484
287,143.5,6.712440325326144
288,144.0,6.676407683248867
289,144.5,6.109048146642077
290,145.0,6.883261828770739
291,145.5,6.486092658368392
292,146.0,6.526469292471667
293,146.5,6.9432136896983705
294,147.0,7.0799545687230365
295,147.5,7.490842504950585
296,148.0,5.9087013916795295
297,148.5,5.869145574571252
298,149.0,5.4193639851396265
299,149.5,4.812685853019176
300,150.0,6.321140481715935
301,150.5,6.700863058101071
302,151.0,6.6680296528095315
303,151.5,7.067628792932958
304,152.0,5.869239517080166
305,152.5,6.0159009165074275
306,153.0,7.055337657479864
307,153.5,5.903890775043006
308,154.0,6.21148072995819
309,154.5,5.271021665164055
310,155.0,4.6551454435786646
311,155.5,6.331913076893511
312,156.0,6.091852064859976
313,156.5,5.268342576912791
314,157.0,6.9375696645070635
315,157.5,6.419911900488408
316,158.0,5.2099955902999
317,158.5,5.608620613796829
318,159.0,5.081608640640391
319,159.5,5.732425554117838
320,160.0,7.062937056698855
321,160.5,6.645379312725708
322,161.0,6.06111637746568
323,161.5,7.148106027269771
324,162.0,6.1973947619772725
325,162.5,6.885901932079416
326,163.0,7.164403531119885
327,163.5,6.530788156632547
328,164.0,6.732992904183959
329,164.5,8.230759152496056
330,165.0,5.93927604181402
331,165.5,6.982814661667405
332,166.0,8.497015618516764
333,166.5,7.725141997382626
334,167.0,7.322105457595273
335,167.5,8.088186153534274
336,168.0,9.12545522099349
337,168.5,8.485630665647287
338,169.0,7.993884750590413
339,169.5,9.082738145837608
340,170.0,9.067613419959704
341,170.5,9.027503959246104
342,171.0,10.77030118878638
343,171.5,9.277631580851724
344,172.0,9.150011187080098
345,172.5,10.23330069536518
346,173.0,10.895815951770755
347,173.5,10.464763502043011
348,174.0,10.832357492796227
349,174.5,11.432500587416772
350,175.0,10.86550392311273
351,175.5,11.038432376422078
352,176.0,10.952462977738524
353,176.5,11.42239130124588
354,177.0,10.887371083298719
355,177.5,11.438046883793808
356,178.0,12.69328079449388
357,178.5,10.639206760618823
358,179.0,10.93709530830962
359,179.5,11.07275587778224
360,180.0,12.044770554104447
