,n space,k space,Chi Square Statistic
0,"[1.5  1.51 1.52 1.53 1.54 1.55 1.56 1.57 1.58 1.59 1.6  1.61 1.62 1.63
 1.64 1.65 1.66 1.67 1.68 1.69]",[0. 0. 0. 0. 0. 0. 0. 0. 0. 0. 0. 0. 0. 0. 0. 0. 0. 0. 0. 0.],"[1740.65714828 1605.28438962 1455.72074207 1300.19644713 1135.70718109
  970.21017245  813.47839238  696.86267534  612.74508622  564.36976795
  583.35361419  700.3025622   867.76622121 1075.65147007 1324.0686852
 1584.66612461 1848.44780343 2112.54171156 2374.75109498 2632.68297727]"
1,"[1.5  1.51 1.52 1.53 1.54 1.55 1.56 1.57 1.58 1.59 1.6  1.61 1.62 1.63
 1.64 1.65 1.66 1.67 1.68 1.69]","[0.01 0.01 0.01 0.01 0.01 0.01 0.01 0.01 0.01 0.01 0.01 0.01 0.01 0.01
 0.01 0.01 0.01 0.01 0.01 0.01]","[1469.13419718 1352.75446991 1228.6276047  1098.61317601  978.2469449
  877.80646003  788.98871958  721.74879988  695.09376296  734.07844299
  830.58327733  961.40927658 1123.91359705 1324.61193397 1542.04094963
 1766.48579623 1996.04518735 2227.52055079 2459.4235275  2689.53157052]"
2,"[1.5  1.51 1.52 1.53 1.54 1.55 1.56 1.57 1.58 1.59 1.6  1.61 1.62 1.63
 1.64 1.65 1.66 1.67 1.68 1.69]","[0.02 0.02 0.02 0.02 0.02 0.02 0.02 0.02 0.02 0.02 0.02 0.02 0.02 0.02
 0.02 0.02 0.02 0.02 0.02 0.02]","[1311.1025335  1228.73086248 1147.77964967 1070.91755633  999.683392
  942.85715031  915.99654102  931.67736217  995.1760775  1088.29569721
 1203.3978355  1349.58932689 1524.39779082 1709.45215036 1899.97678786
 2094.70785856 2292.30141123 2491.39018511 2690.82076127 2892.5565077 ]"
3,"[1.5  1.51 1.52 1.53 1.54 1.55 1.56 1.57 1.58 1.59 1.6  1.61 1.62 1.63
 1.64 1.65 1.66 1.67 1.68 1.69]","[0.03 0.03 0.03 0.03 0.03 0.03 0.03 0.03 0.03 0.03 0.03 0.03 0.03 0.03
 0.03 0.03 0.03 0.03 0.03 0.03]","[1274.15312536 1220.88128381 1174.47748811 1140.09020328 1125.69959914
 1140.45147861 1185.36312543 1252.93956798 1339.76675521 1447.10309913
 1579.76615102 1733.43221587 1896.11080812 2065.1389412  2239.26517396
 2417.27231336 2597.78573002 2779.54777654 2961.04538994 3141.14136891]"
4,"[1.5  1.51 1.52 1.53 1.54 1.55 1.56 1.57 1.58 1.59 1.6  1.61 1.62 1.63
 1.64 1.65 1.66 1.67 1.68 1.69]","[0.04 0.04 0.04 0.04 0.04 0.04 0.04 0.04 0.04 0.04 0.04 0.04 0.04 0.04
 0.04 0.04 0.04 0.04 0.04 0.04]","[1360.73426492 1343.32126955 1336.78929128 1351.24609563 1384.68141929
 1433.99276173 1497.04244978 1575.3505346  1676.66423821 1793.98456176
 1927.9830491  2070.52477724 2220.07293147 2375.51176569 2535.67032796
 2699.37362846 2865.43549173 3032.62635801 3199.61449025 3365.3010463 ]"
5,"[1.5  1.51 1.52 1.53 1.54 1.55 1.56 1.57 1.58 1.59 1.6  1.61 1.62 1.63
 1.64 1.65 1.66 1.67 1.68 1.69]","[0.05 0.05 0.05 0.05 0.05 0.05 0.05 0.05 0.05 0.05 0.05 0.05 0.05 0.05
 0.05 0.05 0.05 0.05 0.05 0.05]","[1569.44623149 1577.36650172 1597.53025294 1628.6560003  1670.35361861
 1730.24803646 1805.16732663 1890.3555426  1994.35613102 2109.7734404
 2233.45807351 2364.53737102 2502.06827862 2645.04699623 2792.42023921
 2943.09780676 3095.96612026 3249.90237499 3403.78893851 3556.54791374]"
6,"[1.5  1.51 1.52 1.53 1.54 1.55 1.56 1.57 1.58 1.59 1.6  1.61 1.62 1.63
 1.64 1.65 1.66 1.67 1.68 1.69]","[0.06 0.06 0.06 0.06 0.06 0.06 0.06 0.06 0.06 0.06 0.06 0.06 0.06 0.06
 0.06 0.06 0.06 0.06 0.06 0.06]","[1828.5328324  1843.1866653  1871.00060389 1911.01107945 1960.95459158
 2020.52909047 2096.33342591 2183.90873574 2281.62729045 2387.66045411
 2501.28328117 2621.70293424 2748.06514498 2879.46224136 3014.94255992
 3153.52101718 3294.19058019 3435.93435188 3577.73797005 3718.60201045]"
7,"[1.5  1.51 1.52 1.53 1.54 1.55 1.56 1.57 1.58 1.59 1.6  1.61 1.62 1.63
 1.64 1.65 1.66 1.67 1.68 1.69]","[0.07 0.07 0.07 0.07 0.07 0.07 0.07 0.07 0.07 0.07 0.07 0.07 0.07 0.07
 0.07 0.07 0.07 0.07 0.07 0.07]","[2096.50027686 2114.09244141 2141.24595396 2178.71369198 2230.50165168
 2291.85836506 2364.48516061 2445.8901645  2535.53870252 2632.83008568
 2737.10029246 2847.6260749  2963.63045909 3084.28955715 3208.74056031
 3336.09074256 3465.42727112 3595.82759469 3726.370161   3856.14520337]"
8,"[1.5  1.51 1.52 1.53 1.54 1.55 1.56 1.57 1.58 1.59 1.6  1.61 1.62 1.63
 1.64 1.65 1.66 1.67 1.68 1.69]","[0.08 0.08 0.08 0.08 0.08 0.08 0.08 0.08 0.08 0.08 0.08 0.08 0.08 0.08
 0.08 0.08 0.08 0.08 0.08 0.08]","[2345.13242294 2364.35350855 2393.12079756 2431.23808838 2479.76614202
 2537.68655179 2604.13197621 2678.66540704 2760.79053309 2849.95306841
 2945.54321255 3046.89927642 3153.3124615  3264.03273659 3378.27571619
 3495.2304091  3614.06767566 3733.94920718 3854.0368219  3973.50185861]"
9,"[1.5  1.51 1.52 1.53 1.54 1.55 1.56 1.57 1.58 1.59 1.6  1.61 1.62 1.63
 1.64 1.65 1.66 1.67 1.68 1.69]","[0.09 0.09 0.09 0.09 0.09 0.09 0.09 0.09 0.09 0.09 0.09 0.09 0.09 0.09
 0.09 0.09 0.09 0.09 0.09 0.09]","[2580.12434301 2597.10082219 2624.0069362  2660.03838634 2704.59890491
 2757.38618407 2818.04505201 2886.16723136 2961.29185579 3042.90684529
 3130.45120864 3223.318306   3320.86006868 3422.39213726 3527.19984575
 3634.54494869 3743.67296128 3853.82095968 3964.22567087 4074.13166782]"
10,"[1.5  1.51 1.52 1.53 1.54 1.55 1.56 1.57 1.58 1.59 1.6  1.61 1.62 1.63
 1.64 1.65 1.66 1.67 1.68 1.69]","[0.1 0.1 0.1 0.1 0.1 0.1 0.1 0.1 0.1 0.1 0.1 0.1 0.1 0.1 0.1 0.1 0.1 0.1
 0.1 0.1]","[2793.1164795  2809.12716795 2833.46493566 2865.93763158 2906.30672228
 2954.28644266 3009.54335277 3071.69641778 3140.31771379 3214.9338416
 3295.02810607 3380.04349111 3469.38643146 3562.43135314 3658.52592671
 3756.99695078 3857.15676037 3958.31003388 4059.7608566  4160.81988608]"
11,"[1.5  1.51 1.52 1.53 1.54 1.55 1.56 1.57 1.58 1.59 1.6  1.61 1.62 1.63
 1.64 1.65 1.66 1.67 1.68 1.69]","[0.11 0.11 0.11 0.11 0.11 0.11 0.11 0.11 0.11 0.11 0.11 0.11 0.11 0.11
 0.11 0.11 0.11 0.11 0.11 0.11]","[2986.70646854 3000.56436576 3022.14850211 3051.2753445  3087.71876826
 3131.20959151 3181.43545822 3238.04116248 3300.62949592 3368.7626847
 3441.96446365 3519.72281309 3601.49336114 3686.70342991 3774.75668123
 3865.038295   3956.92059333 4049.769006   4142.94825847 4235.82865251]"
12,"[1.5  1.51 1.52 1.53 1.54 1.55 1.56 1.57 1.58 1.59 1.6  1.61 1.62 1.63
 1.64 1.65 1.66 1.67 1.68 1.69]","[0.12 0.12 0.12 0.12 0.12 0.12 0.12 0.12 0.12 0.12 0.12 0.12 0.12 0.12
 0.12 0.12 0.12 0.12 0.12 0.12]","[3161.65593284 3173.48098126 3192.47795819 3218.47261092 3251.25150406
 3290.56184355 3336.11160478 3387.57003812 3444.56861654 3506.70247882
 3573.53240663 3644.58735654 3719.36754941 3797.34810003 3877.98315064
 3960.71045328 4044.956329   4130.14091681 4215.68361281 4301.00859057]"
13,"[1.5  1.51 1.52 1.53 1.54 1.55 1.56 1.57 1.58 1.59 1.6  1.61 1.62 1.63
 1.64 1.65 1.66 1.67 1.68 1.69]","[0.13 0.13 0.13 0.13 0.13 0.13 0.13 0.13 0.13 0.13 0.13 0.13 0.13 0.13
 0.13 0.13 0.13 0.13 0.13 0.13]","[3320.04326462 3329.96079531 3346.53842085 3369.61151012 3398.97933637
 3434.40511769 3475.61632633 3522.30532417 3574.13037599 3630.7170824
 3691.66026323 3756.52630775 3824.8559934  3896.16775852 3969.96139862
 4045.72214045 4122.92503348 4201.03958587 4279.53456146 4357.88284589]"
14,"[1.5  1.51 1.52 1.53 1.54 1.55 1.56 1.57 1.58 1.59 1.6  1.61 1.62 1.63
 1.64 1.65 1.66 1.67 1.68 1.69]","[0.14 0.14 0.14 0.14 0.14 0.14 0.14 0.14 0.14 0.14 0.14 0.14 0.14 0.14
 0.14 0.14 0.14 0.14 0.14 0.14]","[3463.67288954 3471.80997057 3486.13418942 3506.49063844 3532.69112438
 3564.51436848 3601.70644628 3643.98151256 3691.02285133 3742.48428442
 3797.99196198 3857.14654794 3919.52580035 3984.68753419 4052.17294058
 4121.51022366 4192.21850443 4263.81193009 4335.80391858 4407.711461  ]"
15,"[1.5  1.51 1.52 1.53 1.54 1.55 1.56 1.57 1.58 1.59 1.6  1.61 1.62 1.63
 1.64 1.65 1.66 1.67 1.68 1.69]","[0.15 0.15 0.15 0.15 0.15 0.15 0.15 0.15 0.15 0.15 0.15 0.15 0.15 0.15
 0.15 0.15 0.15 0.15 0.15 0.15]","[3594.11737818 3600.60018418 3612.83282126 3630.67003072 3653.93583565
 3682.4238563  3715.89784108 3754.09244826 3796.71431017 3843.44340519
 3893.93475602 3947.82046308 4004.71207239 4064.2032662  4125.87285402
 4189.28803093 4254.00786018 4319.58692812 4385.57911198 4451.54139554]"
16,"[1.5  1.51 1.52 1.53 1.54 1.55 1.56 1.57 1.58 1.59 1.6  1.61 1.62 1.63
 1.64 1.65 1.66 1.67 1.68 1.69]","[0.16 0.16 0.16 0.16 0.16 0.16 0.16 0.16 0.16 0.16 0.16 0.16 0.16 0.16
 0.16 0.16 0.16 0.16 0.16 0.16]","[3712.75202511 3717.7039677  3728.00117509 3743.50783469 3764.05976777
 3789.46482575 3819.50348132 3853.92964193 3892.47170987 3934.8339086
 3980.69788901 4029.72462157 4081.55657269 4135.82015429 4192.12842709
 4250.08402897 4309.28229185 4369.31450283 4429.77125931 4490.2458631 ]"
17,"[1.5  1.51 1.52 1.53 1.54 1.55 1.56 1.57 1.58 1.59 1.6  1.61 1.62 1.63
 1.64 1.65 1.66 1.67 1.68 1.69]","[0.17 0.17 0.17 0.17 0.17 0.17 0.17 0.17 0.17 0.17 0.17 0.17 0.17 0.17
 0.17 0.17 0.17 0.17 0.17 0.17]","[3820.78346485 3824.32389221 3832.83512126 3846.19049153 3864.23713537
 3886.79642848 3913.66461738 3944.613645   3979.39219283 4017.72695476
 4059.3241521  4103.87129383 4151.03917905 4200.48413159 4251.85044933
 4304.77304346 4358.88023623 4413.79667953 4469.14635153 4524.55558473]"
18,"[1.5  1.51 1.52 1.53 1.54 1.55 1.56 1.57 1.58 1.59 1.6  1.61 1.62 1.63
 1.64 1.65 1.66 1.67 1.68 1.69]","[0.18 0.18 0.18 0.18 0.18 0.18 0.18 0.18 0.18 0.18 0.18 0.18 0.18 0.18
 0.18 0.18 0.18 0.18 0.18 0.18]","[3919.27351629 3921.51683901 3928.38420459 3939.75774798 3955.49538136
 3975.43127852 3999.37652024 4027.119917   4058.42902305 4093.05135272
 4130.71580597 4171.13430486 4214.00363747 4259.00749962 4305.8187189
 4354.1016393  4403.51463932 4453.7127513  4504.35034555 4555.08383954]"
19,"[1.5  1.51 1.52 1.53 1.54 1.55 1.56 1.57 1.58 1.59 1.6  1.61 1.62 1.63
 1.64 1.65 1.66 1.67 1.68 1.69]","[0.19 0.19 0.19 0.19 0.19 0.19 0.19 0.19 0.19 0.19 0.19 0.19 0.19 0.19
 0.19 0.19 0.19 0.19 0.19 0.19]","[4009.1591722  4010.21430844 4015.57224499 4025.12351457 4038.73625304
 4056.25670185 4077.50985743 4102.30027987 4130.41307125 4161.6150317
 4195.65599742 4232.27036116 4271.17877099 4312.0899983  4354.70296091
 4398.7088825  4443.79356465 4489.63974376 4535.92950176 4582.34669664]"
