,n space,k space,Chi Square Statistic
0,"[1.5  1.51 1.52 1.53 1.54 1.55 1.56 1.57 1.58 1.59 1.6  1.61 1.62 1.63
 1.64 1.65 1.66 1.67 1.68 1.69]",[0. 0. 0. 0. 0. 0. 0. 0. 0. 0. 0. 0. 0. 0. 0. 0. 0. 0. 0. 0.],"[2976.93630775 2792.77179138 2569.91373301 2308.73347875 2009.90441142
 1674.45465239 1303.72789532  899.4746788   463.84117857   11.2376009
  491.28176663 1004.77066194 1537.80563133 2086.76418898 2647.93831621
 3217.43561573 3791.43204396 4365.89161733 4938.93545019 5506.84090571]"
1,"[1.5  1.51 1.52 1.53 1.54 1.55 1.56 1.57 1.58 1.59 1.6  1.61 1.62 1.63
 1.64 1.65 1.66 1.67 1.68 1.69]","[0.01 0.01 0.01 0.01 0.01 0.01 0.01 0.01 0.01 0.01 0.01 0.01 0.01 0.01
 0.01 0.01 0.01 0.01 0.01 0.01]","[2241.63294235 2078.64475243 1880.16751361 1646.9563791  1379.90692614
 1080.55726522  751.44067188  420.28417757  662.9462024  1005.78716296
 1374.5490723  1765.73958232 2175.58480675 2602.34899197 3054.57968447
 3541.92960805 4042.85717218 4551.04399699 5061.11178902 5568.66372431]"
2,"[1.5  1.51 1.52 1.53 1.54 1.55 1.56 1.57 1.58 1.59 1.6  1.61 1.62 1.63
 1.64 1.65 1.66 1.67 1.68 1.69]","[0.02 0.02 0.02 0.02 0.02 0.02 0.02 0.02 0.02 0.02 0.02 0.02 0.02 0.02
 0.02 0.02 0.02 0.02 0.02 0.02]","[1575.44380048 1433.14850368 1258.94631454 1053.9222936   852.76922814
  832.44598582 1013.19579902 1271.75043333 1559.05062308 1872.70403678
 2209.97988721 2567.85484987 2943.0691509  3332.19032182 3731.68186403
 4137.97398446 4548.51600554 4960.50628299 5390.70401449 5835.27754144]"
3,"[1.5  1.51 1.52 1.53 1.54 1.55 1.56 1.57 1.58 1.59 1.6  1.61 1.62 1.63
 1.64 1.65 1.66 1.67 1.68 1.69]","[0.03 0.03 0.03 0.03 0.03 0.03 0.03 0.03 0.03 0.03 0.03 0.03 0.03 0.03
 0.03 0.03 0.03 0.03 0.03 0.03]","[1354.77192734 1304.01702555 1286.39885036 1323.70641228 1453.37885544
 1632.44779192 1840.94267802 2077.37124813 2339.91725511 2626.45672425
 2934.58472226 3261.65161309 3604.80731138 3961.05170235 4327.28918311
 4700.38519097 5077.22260768 5454.75604176 5830.06215961 6200.46347954]"
4,"[1.5  1.51 1.52 1.53 1.54 1.55 1.56 1.57 1.58 1.59 1.6  1.61 1.62 1.63
 1.64 1.65 1.66 1.67 1.68 1.69]","[0.04 0.04 0.04 0.04 0.04 0.04 0.04 0.04 0.04 0.04 0.04 0.04 0.04 0.04
 0.04 0.04 0.04 0.04 0.04 0.04]","[1877.41668875 1897.47359817 1974.04087377 2080.708805   2216.13536381
 2379.49802845 2569.70109376 2785.37245949 3024.86873776 3286.28883393
 3567.49569277 3866.14548055 4179.7231187  4505.58281341 4840.99204485
 5183.17738936 5529.37054    5876.85295037 6222.9976358  6565.30681118]"
5,"[1.5  1.51 1.52 1.53 1.54 1.55 1.56 1.57 1.58 1.59 1.6  1.61 1.62 1.63
 1.64 1.65 1.66 1.67 1.68 1.69]","[0.05 0.05 0.05 0.05 0.05 0.05 0.05 0.05 0.05 0.05 0.05 0.05 0.05 0.05
 0.05 0.05 0.05 0.05 0.05 0.05]","[2562.48890524 2604.6456037  2674.11886818 2770.55245461 2893.37678701
 3041.79635845 3214.78229199 3411.07087755 3629.1685758  3867.36363205
 4123.74409653 4396.2217272  4682.56097587 4980.41204189 5287.34682522
 5600.89652541 5918.58960834 6237.98889185 6556.72657442 6872.5361416 ]"
6,"[1.5  1.51 1.52 1.53 1.54 1.55 1.56 1.57 1.58 1.59 1.6  1.61 1.62 1.63
 1.64 1.65 1.66 1.67 1.68 1.69]","[0.06 0.06 0.06 0.06 0.06 0.06 0.06 0.06 0.06 0.06 0.06 0.06 0.06 0.06
 0.06 0.06 0.06 0.06 0.06 0.06]","[3201.81781415 3238.2926631  3299.98493692 3386.51720233 3497.32436764
 3631.64474628 3788.51519084 3966.77092388 4165.0504521  4381.8056892
 4615.31715143 4863.71384407 5124.99724225 5397.0685955  5677.75865851
 5964.85887247 6256.15299002 6549.44814834 6842.60444395 7133.5621451 ]"
7,"[1.5  1.51 1.52 1.53 1.54 1.55 1.56 1.57 1.58 1.59 1.6  1.61 1.62 1.63
 1.64 1.65 1.66 1.67 1.68 1.69]","[0.07 0.07 0.07 0.07 0.07 0.07 0.07 0.07 0.07 0.07 0.07 0.07 0.07 0.07
 0.07 0.07 0.07 0.07 0.07 0.07]","[3776.45649268 3807.30462608 3861.46136599 3938.54196169 4037.99532928
 4159.09784245 4300.95037475 4462.47907577 4642.44018432 4839.42898471
 5051.89281316 5278.14783152 5516.39911692 5764.76347611 6021.29428773
 6284.00760686 6550.90873308 6820.01844464 7089.39813391 7357.17313947]"
8,"[1.5  1.51 1.52 1.53 1.54 1.55 1.56 1.57 1.58 1.59 1.6  1.61 1.62 1.63
 1.64 1.65 1.66 1.67 1.68 1.69]","[0.08 0.08 0.08 0.08 0.08 0.08 0.08 0.08 0.08 0.08 0.08 0.08 0.08 0.08
 0.08 0.08 0.08 0.08 0.08 0.08]","[4294.37825937 4319.77427397 4366.73754376 4434.88574498 4523.68818662
 4632.46163421 4760.36876193 4906.41960551 5069.47625225 5248.26085562
 5441.36690821 5647.2735601  5864.36263614 6090.93789362 6325.2459744
 6565.49844582 6809.89429305 7056.64222109 7303.98214569 7550.20529678]"
9,"[1.5  1.51 1.52 1.53 1.54 1.55 1.56 1.57 1.58 1.59 1.6  1.61 1.62 1.63
 1.64 1.65 1.66 1.67 1.68 1.69]","[0.09 0.09 0.09 0.09 0.09 0.09 0.09 0.09 0.09 0.09 0.09 0.09 0.09 0.09
 0.09 0.09 0.09 0.09 0.09 0.09]","[4762.33708057 4782.53283962 4822.70314436 4882.47483145 4961.34169395
 5058.66181868 5173.65707257 5305.41502522 5452.89349132 5614.92776258
 5790.24048023 5977.45398415 6175.10486942 6381.6603906  6595.53628231
 6815.11551358 7038.76746447 7264.8670061  7491.81297841 7718.0455926 ]"
10,"[1.5  1.51 1.52 1.53 1.54 1.55 1.56 1.57 1.58 1.59 1.6  1.61 1.62 1.63
 1.64 1.65 1.66 1.67 1.68 1.69]","[0.1 0.1 0.1 0.1 0.1 0.1 0.1 0.1 0.1 0.1 0.1 0.1 0.1 0.1 0.1 0.1 0.1 0.1
 0.1 0.1]","[5186.09616095 5201.39082317 5235.20016974 5287.16473031 5356.80520061
 5443.5209031  5546.59002339 5665.17184354 5798.31111444 5944.94462097
 6103.90990158 6273.95599407 6453.755995   6641.92114812 6837.01611768
 7037.57505972 7242.11807879 7449.16764841 7657.26458216 7864.98316608]"
11,"[1.5  1.51 1.52 1.53 1.54 1.55 1.56 1.57 1.58 1.59 1.6  1.61 1.62 1.63
 1.64 1.65 1.66 1.67 1.68 1.69]","[0.11 0.11 0.11 0.11 0.11 0.11 0.11 0.11 0.11 0.11 0.11 0.11 0.11 0.11
 0.11 0.11 0.11 0.11 0.11 0.11]","[5570.60497301 5581.32373279 5609.2167058  5653.94103777 5715.0455327
 5791.96994221 5884.04573664 5990.4985282  6110.45225489 6242.93516585
 6386.88757617 6541.17128867 6704.58051299 6875.85405414 7053.68849407
 7236.752054   7423.69880276 7613.18286737 7803.872307   7994.46232886]"
12,"[1.5  1.51 1.52 1.53 1.54 1.55 1.56 1.57 1.58 1.59 1.6  1.61 1.62 1.63
 1.64 1.65 1.66 1.67 1.68 1.69]","[0.12 0.12 0.12 0.12 0.12 0.12 0.12 0.12 0.12 0.12 0.12 0.12 0.12 0.12
 0.12 0.12 0.12 0.12 0.12 0.12]","[5920.13832899 5926.61741293 5949.03801202 5987.07563668 6040.30753257
 6108.2125756  6190.17241487 6285.47399395 6393.3135334  6512.80200354
 6642.97206017 6782.78635926 6931.14711382 7086.90670856 7248.87914859
 7415.85208877 7586.59917041 7759.89238409 7934.51417957 8109.26905683]"
13,"[1.5  1.51 1.52 1.53 1.54 1.55 1.56 1.57 1.58 1.59 1.6  1.61 1.62 1.63
 1.64 1.65 1.66 1.67 1.68 1.69]","[0.13 0.13 0.13 0.13 0.13 0.13 0.13 0.13 0.13 0.13 0.13 0.13 0.13 0.13
 0.13 0.13 0.13 0.13 0.13 0.13]","[6238.40703066 6240.98321187 6258.36584784 6290.24970913 6336.24019731
 6395.85367676 6468.51886631 6553.57939033 6650.2975515  6757.85934524
 6875.38069109 7001.91481141 7136.46064543 7277.97214825 7425.36829242
 7577.54356483 7733.3787352  7891.7516647  8051.54792436 8211.67100247]"
14,"[1.5  1.51 1.52 1.53 1.54 1.55 1.56 1.57 1.58 1.59 1.6  1.61 1.62 1.63
 1.64 1.65 1.66 1.67 1.68 1.69]","[0.14 0.14 0.14 0.14 0.14 0.14 0.14 0.14 0.14 0.14 0.14 0.14 0.14 0.14
 0.14 0.14 0.14 0.14 0.14 0.14]","[6528.64690742 6527.6502935  6540.41379197 6566.65171397 6605.99690029
 6658.00136199 6722.13782813 6797.80227631 6884.31749197 6980.9376692
 7086.85403019 7201.20140452 7323.06567571 7451.49197129 7585.49344651
 7724.06049132 7866.17017647 8010.79574742 8156.91597528 8303.5241809 ]"
15,"[1.5  1.51 1.52 1.53 1.54 1.55 1.56 1.57 1.58 1.59 1.6  1.61 1.62 1.63
 1.64 1.65 1.66 1.67 1.68 1.69]","[0.15 0.15 0.15 0.15 0.15 0.15 0.15 0.15 0.15 0.15 0.15 0.15 0.15 0.15
 0.15 0.15 0.15 0.15 0.15 0.15]","[6793.69119055 6789.44038732 6797.98416641 6819.05622204 6852.31582628
 6897.34868173 6953.66855618 7020.71975613 7097.88047277 7184.46700722
 7279.73885346 7382.90458901 7493.12849553 7609.53780687 7731.23046064
 7857.28321224 7986.75995916 8118.72011661 8252.22688608 8386.35526285]"
16,"[1.5  1.51 1.52 1.53 1.54 1.55 1.56 1.57 1.58 1.59 1.6  1.61 1.62 1.63
 1.64 1.65 1.66 1.67 1.68 1.69]","[0.16 0.16 0.16 0.16 0.16 0.16 0.16 0.16 0.16 0.16 0.16 0.16 0.16 0.16
 0.16 0.16 0.16 0.16 0.16 0.16]","[7036.02987531 7028.82887356 7033.53068872 7049.88793416 7077.58511751
 7116.23963243 7165.40342882 7224.56540385 7293.1545377  7370.54377628
 7456.05464051 7548.96251897 7648.50257816 7753.87620465 7864.25787597
 7978.80234288 8096.65199637 8216.94428722 8338.81906541 8461.4257108 ]"
17,"[1.5  1.51 1.52 1.53 1.54 1.55 1.56 1.57 1.58 1.59 1.6  1.61 1.62 1.63
 1.64 1.65 1.66 1.67 1.68 1.69]","[0.17 0.17 0.17 0.17 0.17 0.17 0.17 0.17 0.17 0.17 0.17 0.17 0.17 0.17
 0.17 0.17 0.17 0.17 0.17 0.17]","[7257.85880433 7247.99511308 7249.20992515 7261.27410059 7283.89607541
 7316.72293761 7359.34209528 7411.28356805 7472.022918   7540.98481914
 7617.54724593 7701.04624308 7790.78122069 7886.0207024  7986.0084401
 8089.96979713 8197.11829393 8306.66220569 8417.81110065 8529.78221087]"
18,"[1.5  1.51 1.52 1.53 1.54 1.55 1.56 1.57 1.58 1.59 1.6  1.61 1.62 1.63
 1.64 1.65 1.66 1.67 1.68 1.69]","[0.18 0.18 0.18 0.18 0.18 0.18 0.18 0.18 0.18 0.18 0.18 0.18 0.18 0.18
 0.18 0.18 0.18 0.18 0.18 0.18]","[7461.12054664 7448.86422328 7446.92386438 7455.08776831 7473.08693666
 7500.5961937  7537.23582523 7582.5737596  7636.12830109 7697.37141231
 7765.73252707 7840.60286039 7921.34016759 8007.2738912  8097.71062258
 8191.93979592 8289.23952544 8388.882493   8490.14179222 8592.29663802]"
19,"[1.5  1.51 1.52 1.53 1.54 1.55 1.56 1.57 1.58 1.59 1.6  1.61 1.62 1.63
 1.64 1.65 1.66 1.67 1.68 1.69]","[0.19 0.19 0.19 0.19 0.19 0.19 0.19 0.19 0.19 0.19 0.19 0.19 0.19 0.19
 0.19 0.19 0.19 0.19 0.19 0.19]","[7647.53866518 7633.14198546 7628.35538378 7632.98370621 7646.77914207
 7669.44235657 7700.62408139 7739.92717917 7786.90918788 7841.08533985
 7901.93203783 7968.89075851 8041.37234195 8118.7616146  8200.42228377
 8285.70203405 8373.93775025 8464.46078861 8556.60221679 8649.69794548]"
