,Theta,Input Phase Function
0,0.0,352.45197509538247
1,0.5,343.5738648582256
2,1.0,379.03260614373033
3,1.5,395.5658140318918
4,2.0,358.533988594902
5,2.5,376.5768255182189
6,3.0,389.1550110050896
7,3.5,219.9145529787313
8,4.0,259.913063976326
9,4.5,257.2439703278412
10,5.0,251.88859252834544
11,5.5,297.61340180405466
12,6.0,342.9728894638256
13,6.5,383.86226390368034
14,7.0,276.3008418061972
15,7.5,315.02073745126484
16,8.0,355.420134684804
17,8.5,303.03081259980684
18,9.0,284.21853720768155
19,9.5,329.96829181734074
20,10.0,304.4413236516885
21,10.5,263.96720315123383
22,11.0,342.13418578267
23,11.5,241.1741010914343
24,12.0,217.9027183945231
25,12.5,209.0621502033352
26,13.0,267.8317570852759
27,13.5,194.36644037109235
28,14.0,206.04029804020183
29,14.5,227.46955132487764
30,15.0,242.57041198432745
31,15.5,206.45565717376962
32,16.0,227.35789230467012
33,16.5,204.40714132539148
34,17.0,198.2139715471754
35,17.5,176.16288936624724
36,18.0,190.53731737307854
37,18.5,215.25865085150122
38,19.0,127.52534131205391
39,19.5,119.1152498125201
40,20.0,167.5859210205796
41,20.5,171.56184265537027
42,21.0,100.57237918349965
43,21.5,106.1053441465675
44,22.0,121.72226076351481
45,22.5,100.12460381495842
46,23.0,76.78273644113267
47,23.5,111.45105008672282
48,24.0,105.41624176132343
49,24.5,114.83061169318633
50,25.0,97.64109318782707
51,25.5,83.97705592197633
52,26.0,81.59442995755104
53,26.5,76.0970502136296
54,27.0,58.28563224312371
55,27.5,66.64826822891321
56,28.0,71.64499301629749
57,28.5,65.37425879947108
58,29.0,58.94934073094249
59,29.5,51.17416803043697
60,30.0,45.1493318205776
61,30.5,58.38328079772869
62,31.0,47.68267417319975
63,31.5,46.583377043532245
64,32.0,32.31214626032965
65,32.5,42.55209050808925
66,33.0,37.4804680923753
67,33.5,32.272232322352366
68,34.0,23.775943738311923
69,34.5,32.44505389237436
70,35.0,27.064329955657318
71,35.5,24.53276453309515
72,36.0,24.040641030841325
73,36.5,22.8824504530325
74,37.0,19.269080219568345
75,37.5,18.781628792575408
76,38.0,16.873169725327582
77,38.5,17.438127387865507
78,39.0,18.548263821169776
79,39.5,15.451129018340344
80,40.0,11.455264968147553
81,40.5,15.76413086049707
82,41.0,16.68464851929534
83,41.5,12.8034483158925
84,42.0,13.507747614573592
85,42.5,12.539843169411785
86,43.0,11.32514007090182
87,43.5,12.19325152293594
88,44.0,12.675113625488015
89,44.5,10.963357676215432
90,45.0,15.091398482187843
91,45.5,13.306085174946475
92,46.0,10.589291895430765
93,46.5,13.000294532715568
94,47.0,11.078170019128894
95,47.5,14.62971864155733
96,48.0,13.384273162768494
97,48.5,13.799862984717286
98,49.0,14.816187995538561
99,49.5,14.224690648271253
100,50.0,14.614028182593074
101,50.5,11.73593131655674
102,51.0,14.760637082617475
103,51.5,14.668539360924617
104,52.0,13.808331128981273
105,52.5,13.169273723273367
106,53.0,19.006293148701783
107,53.5,16.279652790611443
108,54.0,12.307535718285735
109,54.5,13.573509832607465
110,55.0,15.620205986258872
111,55.5,14.574969138244462
112,56.0,13.252052058974781
113,56.5,17.286698370064965
114,57.0,15.338963899864696
115,57.5,16.67702609881004
116,58.0,17.723696435592835
117,58.5,14.725056350175699
118,59.0,19.2083119111601
119,59.5,12.73594448987531
120,60.0,17.89148901072812
121,60.5,14.84866644134506
122,61.0,12.561092262928108
123,61.5,13.949935009520297
124,62.0,18.441110035105876
125,62.5,14.667857345343124
126,63.0,15.196497097251521
127,63.5,11.894574163618401
128,64.0,13.819737518161345
129,64.5,12.603405261502212
130,65.0,14.565803157218301
131,65.5,15.109983846838446
132,66.0,12.600549488645393
133,66.5,11.330603355657672
134,67.0,11.253225677515472
135,67.5,11.748751038008994
136,68.0,12.33709342057612
137,68.5,9.417248028383925
138,69.0,8.645122197447137
139,69.5,9.097111934059171
140,70.0,7.930237808851798
141,70.5,9.368990498821882
142,71.0,8.526451788983685
143,71.5,9.654161503827122
144,72.0,10.649328883039376
145,72.5,8.066015612576875
146,73.0,6.204362466100597
147,73.5,6.41151358599706
148,74.0,6.404846664467835
149,74.5,6.2761050782831616
150,75.0,6.385246914512863
151,75.5,5.729861167485474
152,76.0,5.947896157737169
153,76.5,5.976293092330884
154,77.0,6.241382180556718
155,77.5,5.955082699358698
156,78.0,6.620126006133033
157,78.5,5.394935471428374
158,79.0,5.713821993878071
159,79.5,4.016738883927692
160,80.0,5.026252983187542
161,80.5,4.336654864345515
162,81.0,5.700266840557088
163,81.5,4.032989841241311
164,82.0,4.978996579950954
165,82.5,5.11277565476333
166,83.0,4.416016662045363
167,83.5,4.766753958593681
168,84.0,4.226032530895818
169,84.5,4.262426948773966
170,85.0,3.435225276907456
171,85.5,3.5524355692161667
172,86.0,3.518615639986741
173,86.5,4.2346774466600445
174,87.0,3.925191457163965
175,87.5,4.355116883080192
176,88.0,4.07091933317379
177,88.5,3.335228983718548
178,89.0,3.4056780773785937
179,89.5,3.769979288185851
180,90.0,4.9749302267769755
181,90.5,3.9256363187096346
182,91.0,4.587216725981343
183,91.5,3.6767373421093374
184,92.0,4.598222147630798
185,92.5,4.060343335109075
186,93.0,3.77767841182611
187,93.5,3.6236789627958657
188,94.0,4.747136043820882
189,94.5,4.603911675725404
190,95.0,3.842142394715318
191,95.5,5.294934526094327
192,96.0,4.16359437858062
193,96.5,4.636016571085327
194,97.0,3.5473283240645483
195,97.5,4.477088171768943
196,98.0,4.657075776495781
197,98.5,3.925139230513733
198,99.0,2.936460266238252
199,99.5,5.069897387588271
200,100.0,3.563636580463756
201,100.5,4.927751471977526
202,101.0,3.7375454092262452
203,101.5,3.416862217370321
204,102.0,5.054729414797527
205,102.5,4.146613595589732
206,103.0,3.9592766542451954
207,103.5,3.0413826764344347
208,104.0,3.716855577386627
209,104.5,4.461227195212138
210,105.0,4.194360835933534
211,105.5,3.9797058196730886
212,106.0,3.720858136252636
213,106.5,3.7507929959757416
214,107.0,3.619753495496968
215,107.5,3.7435788406916197
216,108.0,2.8067047271009895
217,108.5,3.124577771873876
218,109.0,2.7318223641179644
219,109.5,2.7703550933724017
220,110.0,2.620809905413081
221,110.5,3.5876700146040554
222,111.0,2.520692371803693
223,111.5,2.9256187730619945
224,112.0,2.3483446687380884
225,112.5,1.985247251879587
226,113.0,2.0588339774706617
227,113.5,1.806495402258993
228,114.0,1.9906081386177394
229,114.5,1.7333819634325427
230,115.0,1.6548565532926958
231,115.5,1.6927007666332425
232,116.0,1.58927056148819
233,116.5,1.9504450192152478
234,117.0,1.883432633946516
235,117.5,1.9259272262070806
236,118.0,1.7080077619106295
237,118.5,1.9396484833029328
238,119.0,1.9341729402392382
239,119.5,1.7128701458848492
240,120.0,2.574765616463104
241,120.5,2.3323702827063437
242,121.0,1.9609595085245028
243,121.5,1.8705578993410004
244,122.0,1.819330693527587
245,122.5,1.8340565119316323
246,123.0,2.5138207308845244
247,123.5,1.957750462116001
248,124.0,2.2401515625770654
249,124.5,2.350133417629165
250,125.0,2.882223721906013
251,125.5,2.090628631378032
252,126.0,2.263142311508621
253,126.5,3.1692116512117066
254,127.0,3.260016134196213
255,127.5,3.8341014826252406
256,128.0,3.789590713127682
257,128.5,4.313323919098666
258,129.0,3.6898847792558627
259,129.5,4.614761671075401
260,130.0,4.629794139863292
261,130.5,4.022626881735661
262,131.0,4.582290097846586
263,131.5,2.6987170582760145
264,132.0,4.643998356715803
265,132.5,3.8489052351276007
266,133.0,4.168956643423721
267,133.5,4.173915588142956
268,134.0,5.814617474012784
269,134.5,5.239404387229098
270,135.0,6.260438157412511
271,135.5,3.452574142436789
272,136.0,5.646811445266777
273,136.5,5.874517629149742
274,137.0,5.176858279776996
275,137.5,5.134555120872994
276,138.0,7.903990322067215
277,138.5,5.276165741115308
278,139.0,6.68464758016742
279,139.5,7.022711564138983
280,140.0,5.62661602885494
281,140.5,5.368377019218225
282,141.0,6.362029645278968
283,141.5,5.81462459828105
284,142.0,6.908979842808723
285,142.5,7.744124546108579
286,143.0,6.669402744526978
287,143.5,6.643738121975183
288,144.0,6.8819433774145455
289,144.5,5.329614048101037
290,145.0,5.801810217743106
291,145.5,5.355289241960696
292,146.0,7.3528145311788595
293,146.5,6.347435824378505
294,147.0,9.09143009440104
295,147.5,6.574770082257208
296,148.0,6.333537388522016
297,148.5,6.66276122450921
298,149.0,5.011155311963168
299,149.5,4.973119014092906
300,150.0,3.981565324969311
301,150.5,4.981350793333066
302,151.0,6.033805875104291
303,151.5,5.827598709944645
304,152.0,5.234667662767271
305,152.5,6.734798572419105
306,153.0,6.314822954153124
307,153.5,6.216926053189965
308,154.0,4.702735624940575
309,154.5,6.380605683527472
310,155.0,5.81930195338212
311,155.5,5.826756963815286
312,156.0,7.691525139605139
313,156.5,6.449179451594494
314,157.0,5.166956319519954
315,157.5,7.148170004507974
316,158.0,5.418551138042405
317,158.5,6.392374681485124
318,159.0,3.7751850558271536
319,159.5,6.93664607058375
320,160.0,5.989994905548491
321,160.5,4.68878731717127
322,161.0,5.555213559349177
323,161.5,6.319207728483514
324,162.0,7.077880420078163
325,162.5,8.229489032198819
326,163.0,6.308531331955186
327,163.5,7.211730510848919
328,164.0,7.255059079809132
329,164.5,6.1024870072422726
330,165.0,7.146121532708863
331,165.5,7.579812981213762
332,166.0,7.858770478526008
333,166.5,8.202405878120913
334,167.0,7.714720766462378
335,167.5,8.658455877698922
336,168.0,7.657995812926479
337,168.5,8.087443328732773
338,169.0,8.934069013673547
339,169.5,7.867936967303092
340,170.0,8.540750134320014
341,170.5,10.546221416287704
342,171.0,9.75891210227693
343,171.5,8.96179126143151
344,172.0,7.405950383381462
345,172.5,9.036856481404614
346,173.0,8.47908009571576
347,173.5,9.494949950420992
348,174.0,10.512801093382922
349,174.5,10.915847564632216
350,175.0,8.088842054262082
351,175.5,9.164145793510738
352,176.0,10.596738165716491
353,176.5,13.58573620415789
354,177.0,13.454084562445523
355,177.5,12.238599810806736
356,178.0,10.818412743375005
357,178.5,10.18122538668715
358,179.0,12.221485470500285
359,179.5,11.034252907678004
360,180.0,13.660023107628835
