,Theta,Input Phase Function
0,20.0,152.33894577696645
1,20.5,146.0786101904787
2,21.0,139.75358706633662
3,21.5,133.82721441608044
4,22.0,127.95507748262064
5,22.5,122.15953122561203
6,23.0,116.39485803311817
7,23.5,110.66990432800829
8,24.0,105.42569025411734
9,24.5,100.14625837791229
10,25.0,94.98138302003173
11,25.5,89.99152545403986
12,26.0,85.29943568040618
13,26.5,80.4272195060919
14,27.0,75.94921359464271
15,27.5,71.6404358629713
16,28.0,67.26972036853465
17,28.5,63.35885449045069
18,29.0,59.57531230709906
19,29.5,55.75290931106495
20,30.0,52.4154007198634
21,30.5,48.958221344231504
22,31.0,45.79374731886138
23,31.5,42.83910634000158
24,32.0,40.01543906265252
25,32.5,37.32815763333516
26,33.0,34.86064258044095
27,33.5,32.50364499851096
28,34.0,30.332566650724424
29,34.5,28.295132210794385
30,35.0,26.383621131981084
31,35.5,24.58876033452129
32,36.0,23.065780361839312
33,36.5,21.611448591000475
34,37.0,20.26030416562399
35,37.5,19.063161524457
36,38.0,17.999372892799908
37,38.5,17.019151829301077
38,39.0,16.172733442699982
39,39.5,15.408174991904273
40,40.0,14.755880483235858
41,40.5,14.179506877845274
42,41.0,13.707004112707466
43,41.5,13.275815361084998
44,42.0,12.992573122423016
45,42.5,12.767712574806117
46,43.0,12.58127388951981
47,43.5,12.451729464374216
48,44.0,12.394424357469703
49,44.5,12.394083896399128
50,45.0,12.403535794670411
51,45.5,12.469162595020322
52,46.0,12.575811573387417
53,46.5,12.706423144469175
54,47.0,12.82595576415124
55,47.5,13.006006462859562
56,48.0,13.185318181493596
57,48.5,13.44408509950004
58,49.0,13.615068022583385
59,49.5,13.854191085002645
60,50.0,14.07504393415596
61,50.5,14.289831522584901
62,51.0,14.483033865645845
63,51.5,14.704260782905962
64,52.0,14.929388471613764
65,52.5,15.098956214166147
66,53.0,15.282264037509323
67,53.5,15.409858530742103
68,54.0,15.560594596625684
69,54.5,15.644160106810293
70,55.0,15.757122083450586
71,55.5,15.793789508273038
72,56.0,15.902234504338775
73,56.5,15.936119745211574
74,57.0,15.96167372462997
75,57.5,15.949651782702812
76,58.0,15.892915365764743
77,58.5,15.834009210960728
78,59.0,15.776228369747246
79,59.5,15.684498565036558
80,60.0,15.557520460552322
81,60.5,15.41705554363782
82,61.0,15.224799654971147
83,61.5,15.051849692866844
84,62.0,14.826262339122264
85,62.5,14.612987637236985
86,63.0,14.387296229284857
87,63.5,14.137859593318026
88,64.0,13.851831570278856
89,64.5,13.559491150685883
90,65.0,13.256535678987468
91,65.5,12.967340591279495
92,66.0,12.642187834783345
93,66.5,12.30324092000406
94,67.0,12.01045843163904
95,67.5,11.651976956472769
96,68.0,11.307294887926856
97,68.5,10.951368406920299
98,69.0,10.615816990727883
99,69.5,10.252127598948764
100,70.0,9.894944609723407
101,70.5,9.552035571262266
102,71.0,9.224325523628591
103,71.5,8.879984908968725
104,72.0,8.561514185265155
105,72.5,8.222492144805354
106,73.0,7.895833465605314
107,73.5,7.6047099217476655
108,74.0,7.290741637898662
109,74.5,7.0041680126503625
110,75.0,6.725777172658465
111,75.5,6.457087353548558
112,76.0,6.210688966805439
113,76.5,5.959986227512795
114,77.0,5.723143190738891
115,77.5,5.501798855071701
116,78.0,5.2954930966530025
117,78.5,5.105860916899818
118,79.0,4.9307014856730875
119,79.5,4.7701643476999545
120,80.0,4.613052505320621
121,80.5,4.48009979083203
122,81.0,4.354202091729884
123,81.5,4.247735764623494
124,82.0,4.149449929676648
125,82.5,4.064555476492049
126,83.0,4.000241049742625
127,83.5,3.9360546416932736
128,84.0,3.890548187722067
129,84.5,3.855169141003327
130,85.0,3.8277499481348545
131,85.5,3.807249298998034
132,86.0,3.806603567990873
133,86.5,3.7988792248456504
134,87.0,3.815471528100357
135,87.5,3.828822269803426
136,88.0,3.8514306793058357
137,88.5,3.8823072115724004
138,89.0,3.9108195245427204
139,89.5,3.942933141733033
140,90.0,3.9872720974964806
141,90.5,4.023969199509235
142,91.0,4.07421849187244
143,91.5,4.1136904569728765
144,92.0,4.161967374284126
145,92.5,4.206990509859996
146,93.0,4.250441125371501
147,93.5,4.28069825403361
148,94.0,4.326510143349892
149,94.5,4.352415401706831
150,95.0,4.397077407735331
151,95.5,4.423795579029658
152,96.0,4.435724558370336
153,96.5,4.455762717536119
154,97.0,4.467310357048504
155,97.5,4.479978064363994
156,98.0,4.474036968483975
157,98.5,4.467883751214143
158,99.0,4.4485558878804285
159,99.5,4.426707739067567
160,100.0,4.4061313631662555
161,100.5,4.366189154450528
162,101.0,4.323473889371963
163,101.5,4.27908228003544
164,102.0,4.226420828156633
165,102.5,4.1644000074363205
166,103.0,4.10137651602344
167,103.5,4.032422253202974
168,104.0,3.9507448431041357
169,104.5,3.8713821927312058
170,105.0,3.784342137127316
171,105.5,3.6871417033954414
172,106.0,3.594234736648979
173,106.5,3.497082112338156
174,107.0,3.3957127639082016
175,107.5,3.2902559219244
176,108.0,3.183217662369252
177,108.5,3.070060475047673
178,109.0,2.97394432040772
179,109.5,2.8602800948095206
180,110.0,2.7599223646745115
181,110.5,2.657883814284582
182,111.0,2.5524957469081135
183,111.5,2.4533670303619775
184,112.0,2.3593577723771966
185,112.5,2.2730666558595023
186,113.0,2.1837459451214363
187,113.5,2.0998556773705284
188,114.0,2.02806549905876
189,114.5,1.9645929535494417
190,115.0,1.9003830185742492
191,115.5,1.8408884665081406
192,116.0,1.799768020011268
193,116.5,1.7651073155407975
194,117.0,1.730166145623286
195,117.5,1.711587808729855
196,118.0,1.700669731834196
197,118.5,1.6954892817129972
198,119.0,1.7046593627827313
199,119.5,1.7234298501608107
200,120.0,1.7463481290239022
201,120.5,1.7838484532444983
202,121.0,1.827870583818714
203,121.5,1.8838377916660016
204,122.0,1.9464614610445656
205,122.5,2.020595183015295
206,123.0,2.102457225047448
207,123.5,2.192946478040107
208,124.0,2.2927389286169695
209,124.5,2.3963120458913703
210,125.0,2.5073481537542217
211,125.5,2.6288056355408402
212,126.0,2.757886071413817
213,126.5,2.887759661563475
214,127.0,3.0223696503441935
215,127.5,3.1629224256777877
216,128.0,3.304594271170772
217,128.5,3.453435517348235
218,129.0,3.606284433172688
219,129.5,3.75875430827197
220,130.0,3.910731825643566
221,130.5,4.06047713526619
222,131.0,4.208333423334911
223,131.5,4.362195130572326
224,132.0,4.51894625264762
225,132.5,4.673515140106263
226,133.0,4.804790197588244
227,133.5,4.945867844888122
228,134.0,5.085377324304875
229,134.5,5.2211267942344675
230,135.0,5.346562678708678
231,135.5,5.462794685707151
232,136.0,5.588532283183315
233,136.5,5.6960737265121155
234,137.0,5.775867325955763
235,137.5,5.881298791195757
236,138.0,5.9726078750857905
237,138.5,6.048979569030903
238,139.0,6.122202074780908
239,139.5,6.177495163062881
240,140.0,6.2278529149926545
241,140.5,6.278150870267428
242,141.0,6.31484950260758
243,141.5,6.3385787444554005
244,142.0,6.349766707036546
245,142.5,6.3639787279907
246,143.0,6.3817416865208845
247,143.5,6.385998162238374
248,144.0,6.365673505849766
249,144.5,6.358931136286283
250,145.0,6.315333229287682
251,145.5,6.301006078546141
252,146.0,6.272024874217721
253,146.5,6.229180522324952
254,147.0,6.196583463279038
255,147.5,6.14451833743842
256,148.0,6.121442283204606
257,148.5,6.069885739372169
258,149.0,6.017401452309316
259,149.5,5.974237900203597
260,150.0,5.92037751722593
261,150.5,5.872497344245026
262,151.0,5.824542304065043
263,151.5,5.792676113615967
264,152.0,5.753079000493132
265,152.5,5.714196779687092
266,153.0,5.684702469898949
267,153.5,5.6612320176170785
268,154.0,5.643947663640059
269,154.5,5.631901579844796
270,155.0,5.629249563551536
271,155.5,5.6218877924947055
272,156.0,5.631525196093825
273,156.5,5.658936972976201
274,157.0,5.677179666254866
275,157.5,5.711096075957766
276,158.0,5.756526472125283
277,158.5,5.811136610678843
278,159.0,5.877291872417362
279,159.5,5.93115836303537
280,160.0,6.0318464159412235
