,n space,k space,Chi Square Statistic
0,"[1.5  1.51 1.52 1.53 1.54 1.55 1.56 1.57 1.58 1.59 1.6  1.61 1.62 1.63
 1.64 1.65 1.66 1.67 1.68 1.69]",[0. 0. 0. 0. 0. 0. 0. 0. 0. 0. 0. 0. 0. 0. 0. 0. 0. 0. 0. 0.],"[1733.26355176 1595.12957449 1442.91007407 1276.83857757 1098.34470259
  918.31728967  739.66095235  573.56468468  431.96785607  363.42796181
  384.2182124   544.3538455   762.71834118 1013.55113179 1274.63561022
 1539.01118913 1804.02129249 2068.12415494 2329.8247863  2586.99904942]"
1,"[1.5  1.51 1.52 1.53 1.54 1.55 1.56 1.57 1.58 1.59 1.6  1.61 1.62 1.63
 1.64 1.65 1.66 1.67 1.68 1.69]","[0.01 0.01 0.01 0.01 0.01 0.01 0.01 0.01 0.01 0.01 0.01 0.01 0.01 0.01
 0.01 0.01 0.01 0.01 0.01 0.01]","[1452.78231813 1332.27453222 1200.69801685 1061.08293841  921.53298419
  784.3760634   658.97625704  572.35496517  536.83669514  599.72495002
  736.62628909  901.36906119 1093.20704216 1295.45725657 1506.1457949
 1725.01703874 1950.60020546 2180.57575977 2413.14581882 2644.14725276]"
2,"[1.5  1.51 1.52 1.53 1.54 1.55 1.56 1.57 1.58 1.59 1.6  1.61 1.62 1.63
 1.64 1.65 1.66 1.67 1.68 1.69]","[0.02 0.02 0.02 0.02 0.02 0.02 0.02 0.02 0.02 0.02 0.02 0.02 0.02 0.02
 0.02 0.02 0.02 0.02 0.02 0.02]","[1246.58934311 1153.66009814 1055.50449443  958.96433725  871.51505375
  804.0094636   778.3999108   808.31160434  907.34688586 1034.78475422
 1182.93886961 1350.90482538 1527.24917369 1710.52610182 1899.3973653
 2092.31929569 2288.48590768 2486.39221611 2684.60821416 2883.18539871]"
3,"[1.5  1.51 1.52 1.53 1.54 1.55 1.56 1.57 1.58 1.59 1.6  1.61 1.62 1.63
 1.64 1.65 1.66 1.67 1.68 1.69]","[0.03 0.03 0.03 0.03 0.03 0.03 0.03 0.03 0.03 0.03 0.03 0.03 0.03 0.03
 0.03 0.03 0.03 0.03 0.03 0.03]","[1159.93322234 1096.91619577 1046.2900295  1010.52168194  993.98311614
 1024.53297768 1097.81912673 1193.92082215 1306.22592128 1440.1732188
 1586.23317578 1741.06756229 1903.50556631 2072.29848003 2246.13681737
 2423.77110494 2603.75904756 2784.84323417 2965.6299839  3144.72208235]"
4,"[1.5  1.51 1.52 1.53 1.54 1.55 1.56 1.57 1.58 1.59 1.6  1.61 1.62 1.63
 1.64 1.65 1.66 1.67 1.68 1.69]","[0.04 0.04 0.04 0.04 0.04 0.04 0.04 0.04 0.04 0.04 0.04 0.04 0.04 0.04
 0.04 0.04 0.04 0.04 0.04 0.04]","[1238.53949013 1222.02429511 1223.9175966  1256.19632322 1305.8688728
 1375.50704139 1458.84056162 1560.76460079 1676.33907523 1801.80833225
 1936.29682484 2078.83855297 2228.3867072  2383.82554142 2543.98410369
 2707.65140585 2873.59258709 3040.56561889 3207.34541347 3372.82257697]"
5,"[1.5  1.51 1.52 1.53 1.54 1.55 1.56 1.57 1.58 1.59 1.6  1.61 1.62 1.63
 1.64 1.65 1.66 1.67 1.68 1.69]","[0.05 0.05 0.05 0.05 0.05 0.05 0.05 0.05 0.05 0.05 0.05 0.05 0.05 0.05
 0.05 0.05 0.05 0.05 0.05 0.05]","[1485.3647484  1503.80015101 1534.60147543 1579.10028285 1638.61777673
 1713.5437543  1799.73130329 1896.3144054  2002.66990675 2118.08721613
 2241.77184924 2372.85114675 2510.38205435 2653.36077196 2800.73401494
 2951.41158249 3104.27989599 3258.21615072 3412.10271424 3564.84140273]"
6,"[1.5  1.51 1.52 1.53 1.54 1.55 1.56 1.57 1.58 1.59 1.6  1.61 1.62 1.63
 1.64 1.65 1.66 1.67 1.68 1.69]","[0.06 0.06 0.06 0.06 0.06 0.06 0.06 0.06 0.06 0.06 0.06 0.06 0.06 0.06
 0.06 0.06 0.06 0.06 0.06 0.06]","[1786.2285871  1811.72151356 1848.51461009 1896.39888172 1955.09768004
 2024.26268987 2103.47085041 2192.22251147 2289.94106618 2395.97422984
 2509.5970569  2630.01670997 2756.37892071 2887.77601709 3023.25633565
 3161.83479291 3302.50435592 3444.24812761 3586.05174578 3726.91578618]"
7,"[1.5  1.51 1.52 1.53 1.54 1.55 1.56 1.57 1.58 1.59 1.6  1.61 1.62 1.63
 1.64 1.65 1.66 1.67 1.68 1.69]","[0.07 0.07 0.07 0.07 0.07 0.07 0.07 0.07 0.07 0.07 0.07 0.07 0.07 0.07
 0.07 0.07 0.07 0.07 0.07 0.07]","[2082.74591556 2105.79336106 2139.29951302 2183.05538501 2236.79092626
 2300.17214079 2372.79893634 2454.20394023 2543.85247825 2641.14386141
 2745.41406819 2855.93985063 2971.94423482 3092.60333288 3217.05433605
 3344.40451829 3473.74104686 3604.14137042 3734.68393673 3864.4589791 ]"
8,"[1.5  1.51 1.52 1.53 1.54 1.55 1.56 1.57 1.58 1.59 1.6  1.61 1.62 1.63
 1.64 1.65 1.66 1.67 1.68 1.69]","[0.08 0.08 0.08 0.08 0.08 0.08 0.08 0.08 0.08 0.08 0.08 0.08 0.08 0.08
 0.08 0.08 0.08 0.08 0.08 0.08]","[2348.32238337 2368.94990526 2399.26494275 2439.06195302 2488.07991775
 2546.00032752 2612.44575194 2686.97918277 2769.10430882 2858.26684414
 2953.85698828 3055.21305215 3161.62623723 3272.34651232 3386.58949192
 3503.54418483 3622.38145139 3742.26298291 3862.35059763 3981.81563434]"
9,"[1.5  1.51 1.52 1.53 1.54 1.55 1.56 1.57 1.58 1.59 1.6  1.61 1.62 1.63
 1.64 1.65 1.66 1.67 1.68 1.69]","[0.09 0.09 0.09 0.09 0.09 0.09 0.09 0.09 0.09 0.09 0.09 0.09 0.09 0.09
 0.09 0.09 0.09 0.09 0.09 0.09]","[2586.79564219 2605.06864602 2632.32071193 2668.35216207 2712.91268064
 2765.6999598  2826.35882774 2894.4810071  2969.60563152 3051.22062102
 3138.76498437 3231.63208173 3329.17384441 3430.70591299 3535.51362148
 3642.85872442 3751.98673701 3862.13473541 3972.5394466  4082.44544355]"
10,"[1.5  1.51 1.52 1.53 1.54 1.55 1.56 1.57 1.58 1.59 1.6  1.61 1.62 1.63
 1.64 1.65 1.66 1.67 1.68 1.69]","[0.1 0.1 0.1 0.1 0.1 0.1 0.1 0.1 0.1 0.1 0.1 0.1 0.1 0.1 0.1 0.1 0.1 0.1
 0.1 0.1]","[2801.43025523 2817.44094368 2841.77871139 2874.25140732 2914.62049801
 2962.60021839 3017.8571285  3080.01019351 3148.63148952 3223.24761733
 3303.3418818  3388.35726684 3477.70020719 3570.74512887 3666.83970244
 3765.31072651 3865.4705361  3966.62380961 4068.07463233 4169.13366181]"
11,"[1.5  1.51 1.52 1.53 1.54 1.55 1.56 1.57 1.58 1.59 1.6  1.61 1.62 1.63
 1.64 1.65 1.66 1.67 1.68 1.69]","[0.11 0.11 0.11 0.11 0.11 0.11 0.11 0.11 0.11 0.11 0.11 0.11 0.11 0.11
 0.11 0.11 0.11 0.11 0.11 0.11]","[2995.02024427 3008.87814149 3030.46227784 3059.58912023 3096.03254399
 3139.52336724 3189.74923395 3246.35493821 3308.94327165 3377.07646043
 3450.27823938 3528.03658882 3609.80713687 3695.01720564 3783.07045696
 3873.35207073 3965.23436906 4058.08278173 4151.2620342  4244.14242824]"
12,"[1.5  1.51 1.52 1.53 1.54 1.55 1.56 1.57 1.58 1.59 1.6  1.61 1.62 1.63
 1.64 1.65 1.66 1.67 1.68 1.69]","[0.12 0.12 0.12 0.12 0.12 0.12 0.12 0.12 0.12 0.12 0.12 0.12 0.12 0.12
 0.12 0.12 0.12 0.12 0.12 0.12]","[3169.96970858 3181.79475699 3200.79173392 3226.78638665 3259.56527979
 3298.87561928 3344.42538051 3395.88381385 3452.88239227 3515.01625455
 3581.84618236 3652.90113227 3727.68132514 3805.66187577 3886.29692637
 3969.02422901 4053.27010473 4138.45469254 4223.99738854 4309.3223663 ]"
13,"[1.5  1.51 1.52 1.53 1.54 1.55 1.56 1.57 1.58 1.59 1.6  1.61 1.62 1.63
 1.64 1.65 1.66 1.67 1.68 1.69]","[0.13 0.13 0.13 0.13 0.13 0.13 0.13 0.13 0.13 0.13 0.13 0.13 0.13 0.13
 0.13 0.13 0.13 0.13 0.13 0.13]","[3328.35704035 3338.27457104 3354.85219658 3377.92528586 3407.2931121
 3442.71889343 3483.93010206 3530.6190999  3582.44415172 3639.03085813
 3699.97403896 3764.84008348 3833.16976913 3904.48153425 3978.27517435
 4054.03591619 4131.23880921 4209.35336161 4287.84833719 4366.19662162]"
14,"[1.5  1.51 1.52 1.53 1.54 1.55 1.56 1.57 1.58 1.59 1.6  1.61 1.62 1.63
 1.64 1.65 1.66 1.67 1.68 1.69]","[0.14 0.14 0.14 0.14 0.14 0.14 0.14 0.14 0.14 0.14 0.14 0.14 0.14 0.14
 0.14 0.14 0.14 0.14 0.14 0.14]","[3471.98666527 3480.1237463  3494.44796515 3514.80441417 3541.00490012
 3572.82814421 3610.02022201 3652.29528829 3699.33662707 3750.79806015
 3806.30573771 3865.46032367 3927.83957608 3993.00130992 4060.48671632
 4129.82399939 4200.53228016 4272.12570582 4344.11769431 4416.02523673]"
15,"[1.5  1.51 1.52 1.53 1.54 1.55 1.56 1.57 1.58 1.59 1.6  1.61 1.62 1.63
 1.64 1.65 1.66 1.67 1.68 1.69]","[0.15 0.15 0.15 0.15 0.15 0.15 0.15 0.15 0.15 0.15 0.15 0.15 0.15 0.15
 0.15 0.15 0.15 0.15 0.15 0.15]","[3602.43115391 3608.91395991 3621.14659699 3638.98380645 3662.24961138
 3690.73763204 3724.21161681 3762.406224   3805.0280859  3851.75718092
 3902.24853175 3956.13423881 4013.02584812 4072.51704193 4134.18662975
 4197.60180666 4262.32163591 4327.90070385 4393.89288771 4459.85517127]"
16,"[1.5  1.51 1.52 1.53 1.54 1.55 1.56 1.57 1.58 1.59 1.6  1.61 1.62 1.63
 1.64 1.65 1.66 1.67 1.68 1.69]","[0.16 0.16 0.16 0.16 0.16 0.16 0.16 0.16 0.16 0.16 0.16 0.16 0.16 0.16
 0.16 0.16 0.16 0.16 0.16 0.16]","[3721.06580084 3726.01774343 3736.31495082 3751.82161042 3772.3735435
 3797.77860148 3827.81725705 3862.24341766 3900.7854856  3943.14768433
 3989.01166474 4038.0383973  4089.87034842 4144.13393002 4200.44220282
 4258.3978047  4317.59606758 4377.62827856 4438.08503504 4498.55963883]"
17,"[1.5  1.51 1.52 1.53 1.54 1.55 1.56 1.57 1.58 1.59 1.6  1.61 1.62 1.63
 1.64 1.65 1.66 1.67 1.68 1.69]","[0.17 0.17 0.17 0.17 0.17 0.17 0.17 0.17 0.17 0.17 0.17 0.17 0.17 0.17
 0.17 0.17 0.17 0.17 0.17 0.17]","[3829.09724058 3832.63766794 3841.14889699 3854.50426726 3872.5509111
 3895.11020421 3921.97839312 3952.92742073 3987.70596856 4026.04073049
 4067.63792783 4112.18506956 4159.35295478 4208.79790732 4260.16422506
 4313.08681919 4367.19401196 4422.11045526 4477.46012727 4532.86936046]"
18,"[1.5  1.51 1.52 1.53 1.54 1.55 1.56 1.57 1.58 1.59 1.6  1.61 1.62 1.63
 1.64 1.65 1.66 1.67 1.68 1.69]","[0.18 0.18 0.18 0.18 0.18 0.18 0.18 0.18 0.18 0.18 0.18 0.18 0.18 0.18
 0.18 0.18 0.18 0.18 0.18 0.18]","[3927.58729202 3929.83061474 3936.69798032 3948.07152371 3963.80915709
 3983.74505425 4007.69029597 4035.43369273 4066.74279878 4101.36512845
 4139.0295817  4179.44808059 4222.3174132  4267.32127535 4314.13249463
 4362.41541503 4411.82841505 4462.02652703 4512.66412129 4563.39761527]"
19,"[1.5  1.51 1.52 1.53 1.54 1.55 1.56 1.57 1.58 1.59 1.6  1.61 1.62 1.63
 1.64 1.65 1.66 1.67 1.68 1.69]","[0.19 0.19 0.19 0.19 0.19 0.19 0.19 0.19 0.19 0.19 0.19 0.19 0.19 0.19
 0.19 0.19 0.19 0.19 0.19 0.19]","[4017.47294794 4018.52808417 4023.88602072 4033.4372903  4047.05002877
 4064.57047758 4085.82363316 4110.6140556  4138.72684698 4169.92880743
 4203.96977315 4240.58413689 4279.49254672 4320.40377403 4363.01673664
 4407.02265824 4452.10734039 4497.9535195  4544.24327749 4590.66047237]"
