,n space,k space,Chi Square Statistic
0,"[1.5  1.51 1.52 1.53 1.54 1.55 1.56 1.57 1.58 1.59 1.6  1.61 1.62 1.63
 1.64 1.65 1.66 1.67 1.68 1.69]",[0. 0. 0. 0. 0. 0. 0. 0. 0. 0. 0. 0. 0. 0. 0. 0. 0. 0. 0. 0.],"[2288.81635527 2221.01643733 2154.03288765 2090.18061126 2024.9196386
 1964.10550829 1921.93451327 1890.4536958  1874.48499897 1883.47438217
 1934.21194237 2016.88730928 2103.85123427 2203.52307118 2319.31911195
 2446.85529884 2579.25304186 2726.47286272 2883.58683316 3038.41017527]"
1,"[1.5  1.51 1.52 1.53 1.54 1.55 1.56 1.57 1.58 1.59 1.6  1.61 1.62 1.63
 1.64 1.65 1.66 1.67 1.68 1.69]","[0.01 0.01 0.01 0.01 0.01 0.01 0.01 0.01 0.01 0.01 0.01 0.01 0.01 0.01
 0.01 0.01 0.01 0.01 0.01 0.01]","[2186.1854779  2133.23516653 2077.82791668 2030.45475348 1990.05584779
 1956.21127541 1937.45415802 1936.14082517 1965.07620504 2019.95131162
 2088.02239193 2162.41721155 2248.82919616 2349.22678275 2460.40476915
 2576.74479532 2702.31216474 2843.00657692 2982.86783912 3121.1681687 ]"
2,"[1.5  1.51 1.52 1.53 1.54 1.55 1.56 1.57 1.58 1.59 1.6  1.61 1.62 1.63
 1.64 1.65 1.66 1.67 1.68 1.69]","[0.02 0.02 0.02 0.02 0.02 0.02 0.02 0.02 0.02 0.02 0.02 0.02 0.02 0.02
 0.02 0.02 0.02 0.02 0.02 0.02]","[2155.13354462 2116.66336347 2081.38416651 2057.14244377 2041.54785116
 2037.69074899 2056.19270595 2089.9854626  2140.76669619 2195.95496674
 2258.9644342  2334.54939244 2421.35823879 2518.48025172 2622.25562586
 2730.76063976 2858.09339862 2986.15602341 3114.27325748 3244.36618311]"
3,"[1.5  1.51 1.52 1.53 1.54 1.55 1.56 1.57 1.58 1.59 1.6  1.61 1.62 1.63
 1.64 1.65 1.66 1.67 1.68 1.69]","[0.03 0.03 0.03 0.03 0.03 0.03 0.03 0.03 0.03 0.03 0.03 0.03 0.03 0.03
 0.03 0.03 0.03 0.03 0.03 0.03]","[2195.68988023 2179.49075721 2169.64099859 2166.74132908 2176.89317893
 2195.76663949 2230.17672231 2269.95519047 2315.53690936 2370.14496164
 2436.9528972  2513.88724337 2600.75972421 2693.68621606 2789.09635462
 2903.478264   3020.25151483 3137.90841753 3258.63841489 3377.9355726 ]"
4,"[1.5  1.51 1.52 1.53 1.54 1.55 1.56 1.57 1.58 1.59 1.6  1.61 1.62 1.63
 1.64 1.65 1.66 1.67 1.68 1.69]","[0.04 0.04 0.04 0.04 0.04 0.04 0.04 0.04 0.04 0.04 0.04 0.04 0.04 0.04
 0.04 0.04 0.04 0.04 0.04 0.04]","[2317.70166264 2311.43796569 2311.43447686 2322.8111847  2343.89740394
 2370.13121238 2401.70041981 2440.44451997 2490.67632812 2546.4905884
 2614.40926847 2689.50188435 2770.26399896 2854.30342639 2954.0352757
 3059.32332221 3166.72931248 3277.77349229 3388.48557584 3498.85313088]"
5,"[1.5  1.51 1.52 1.53 1.54 1.55 1.56 1.57 1.58 1.59 1.6  1.61 1.62 1.63
 1.64 1.65 1.66 1.67 1.68 1.69]","[0.05 0.05 0.05 0.05 0.05 0.05 0.05 0.05 0.05 0.05 0.05 0.05 0.05 0.05
 0.05 0.05 0.05 0.05 0.05 0.05]","[2464.98728862 2467.60856956 2475.35979587 2488.28162459 2506.12554596
 2530.49239311 2566.39313952 2607.74295549 2657.59824668 2715.33041042
 2780.77862329 2851.3306778  2925.34219056 3012.824246   3106.89193501
 3203.69181112 3304.83571349 3406.49904016 3507.93295102 3610.8948342 ]"
6,"[1.5  1.51 1.52 1.53 1.54 1.55 1.56 1.57 1.58 1.59 1.6  1.61 1.62 1.63
 1.64 1.65 1.66 1.67 1.68 1.69]","[0.06 0.06 0.06 0.06 0.06 0.06 0.06 0.06 0.06 0.06 0.06 0.06 0.06 0.06
 0.06 0.06 0.06 0.06 0.06 0.06]","[2617.84222514 2620.14363106 2628.12312095 2644.14415779 2666.13904576
 2693.32480551 2727.35583406 2770.17984386 2817.91076478 2873.82956757
 2934.06187869 2998.08899758 3075.16110619 3158.65318662 3245.60029955
 3336.67357066 3429.53751393 3523.03610664 3616.49583794 3712.79619315]"
7,"[1.5  1.51 1.52 1.53 1.54 1.55 1.56 1.57 1.58 1.59 1.6  1.61 1.62 1.63
 1.64 1.65 1.66 1.67 1.68 1.69]","[0.07 0.07 0.07 0.07 0.07 0.07 0.07 0.07 0.07 0.07 0.07 0.07 0.07 0.07
 0.07 0.07 0.07 0.07 0.07 0.07]","[2764.55799082 2769.82460467 2780.02706032 2795.0772992  2817.87607118
 2847.18420716 2881.25814506 2921.15986002 2967.62024156 3018.24413768
 3073.78460739 3141.2265342  3214.59881256 3291.70656578 3372.75449586
 3456.58783602 3541.78663587 3627.65356218 3714.76939587 3803.34629978]"
8,"[1.5  1.51 1.52 1.53 1.54 1.55 1.56 1.57 1.58 1.59 1.6  1.61 1.62 1.63
 1.64 1.65 1.66 1.67 1.68 1.69]","[0.08 0.08 0.08 0.08 0.08 0.08 0.08 0.08 0.08 0.08 0.08 0.08 0.08 0.08
 0.08 0.08 0.08 0.08 0.08 0.08]","[2904.64806783 2910.73232306 2922.57863833 2939.57850824 2961.41671261
 2987.86434248 3021.45675684 3059.73223902 3102.16779365 3152.4296985
 3210.23030863 3273.86176959 3341.49343847 3412.9014303  3487.94753354
 3564.78910918 3642.90493984 3721.69377272 3802.76301635 3884.21017971]"
9,"[1.5  1.51 1.52 1.53 1.54 1.55 1.56 1.57 1.58 1.59 1.6  1.61 1.62 1.63
 1.64 1.65 1.66 1.67 1.68 1.69]","[0.09 0.09 0.09 0.09 0.09 0.09 0.09 0.09 0.09 0.09 0.09 0.09 0.09 0.09
 0.09 0.09 0.09 0.09 0.09 0.09]","[3039.02934123 3044.95623363 3055.45766889 3070.52401744 3091.87173355
 3118.18693752 3148.95991532 3186.3954753  3230.12406113 3279.4737078
 3334.30573276 3393.21310755 3455.64299815 3522.34897921 3591.18698051
 3661.72301164 3733.38173248 3805.77179819 3881.04960158 3955.92151562]"
10,"[1.5  1.51 1.52 1.53 1.54 1.55 1.56 1.57 1.58 1.59 1.6  1.61 1.62 1.63
 1.64 1.65 1.66 1.67 1.68 1.69]","[0.1 0.1 0.1 0.1 0.1 0.1 0.1 0.1 0.1 0.1 0.1 0.1 0.1 0.1 0.1 0.1 0.1 0.1
 0.1 0.1]","[3161.01335404 3166.30212014 3177.06356884 3192.37035634 3213.02557958
 3239.94979075 3271.35830981 3306.97791388 3348.55772667 3395.02529578
 3445.63904784 3499.95251327 3558.28371401 3619.48403704 3682.67380057
 3747.38235802 3813.1688549  3880.55825052 3949.80746075 4018.70033047]"
11,"[1.5  1.51 1.52 1.53 1.54 1.55 1.56 1.57 1.58 1.59 1.6  1.61 1.62 1.63
 1.64 1.65 1.66 1.67 1.68 1.69]","[0.11 0.11 0.11 0.11 0.11 0.11 0.11 0.11 0.11 0.11 0.11 0.11 0.11 0.11
 0.11 0.11 0.11 0.11 0.11 0.11]","[3279.63373988 3285.25015503 3295.55972874 3310.88434153 3330.69783685
 3354.89266301 3383.42725087 3418.23838979 3456.90722837 3499.66759023
 3546.1562143  3596.34323902 3649.95071164 3705.98224972 3763.8378829
 3823.11823699 3883.41447838 3945.99421875 4009.60145136 4073.01091939]"
12,"[1.5  1.51 1.52 1.53 1.54 1.55 1.56 1.57 1.58 1.59 1.6  1.61 1.62 1.63
 1.64 1.65 1.66 1.67 1.68 1.69]","[0.12 0.12 0.12 0.12 0.12 0.12 0.12 0.12 0.12 0.12 0.12 0.12 0.12 0.12
 0.12 0.12 0.12 0.12 0.12 0.12]","[3393.52124149 3397.81546771 3406.59180393 3419.8872961  3437.31815415
 3460.41111631 3488.10502445 3519.59902737 3555.14890617 3594.44437156
 3637.17621363 3683.71391077 3732.70283211 3783.82044021 3836.7087235
 3891.0110181  3946.32359446 4004.49434941 4062.97341703 4121.28001535]"
13,"[1.5  1.51 1.52 1.53 1.54 1.55 1.56 1.57 1.58 1.59 1.6  1.61 1.62 1.63
 1.64 1.65 1.66 1.67 1.68 1.69]","[0.13 0.13 0.13 0.13 0.13 0.13 0.13 0.13 0.13 0.13 0.13 0.13 0.13 0.13
 0.13 0.13 0.13 0.13 0.13 0.13]","[3496.68743194 3499.96663784 3507.28971064 3519.82439729 3536.82281338
 3557.89804467 3582.66956057 3611.63142661 3644.38224392 3680.28950331
 3720.1902386  3762.68440325 3807.44799152 3854.16732237 3902.53616993
 3952.25805206 4003.51623321 4056.95399949 4110.62399903 4164.15367694]"
14,"[1.5  1.51 1.52 1.53 1.54 1.55 1.56 1.57 1.58 1.59 1.6  1.61 1.62 1.63
 1.64 1.65 1.66 1.67 1.68 1.69]","[0.14 0.14 0.14 0.14 0.14 0.14 0.14 0.14 0.14 0.14 0.14 0.14 0.14 0.14
 0.14 0.14 0.14 0.14 0.14 0.14]","[3590.84235867 3594.27781223 3601.65320196 3612.86456309 3627.80400217
 3646.40944812 3669.0323874  3695.43132401 3724.94985345 3758.40931812
 3794.75275035 3833.55116092 3874.45531494 3917.17923032 3961.42539104
 4006.88701407 4054.38898947 4103.39866692 4152.67957055 4201.90859696]"
15,"[1.5  1.51 1.52 1.53 1.54 1.55 1.56 1.57 1.58 1.59 1.6  1.61 1.62 1.63
 1.64 1.65 1.66 1.67 1.68 1.69]","[0.15 0.15 0.15 0.15 0.15 0.15 0.15 0.15 0.15 0.15 0.15 0.15 0.15 0.15
 0.15 0.15 0.15 0.15 0.15 0.15]","[3678.59875315 3681.16694167 3687.38067932 3697.15761001 3710.39635301
 3727.59204109 3748.12452815 3771.77817889 3799.1172098  3829.51725661
 3862.47451461 3897.72207343 3934.9580365  3973.91991253 4014.34116742
 4056.00330545 4100.1161253  4145.01525063 4190.16585282 4235.29212417]"
16,"[1.5  1.51 1.52 1.53 1.54 1.55 1.56 1.57 1.58 1.59 1.6  1.61 1.62 1.63
 1.64 1.65 1.66 1.67 1.68 1.69]","[0.16 0.16 0.16 0.16 0.16 0.16 0.16 0.16 0.16 0.16 0.16 0.16 0.16 0.16
 0.16 0.16 0.16 0.16 0.16 0.16]","[3758.19462207 3759.96854447 3765.13017969 3773.67676324 3785.97920555
 3801.40932639 3819.83376657 3841.75552058 3866.67649146 3894.16172762
 3923.98089771 3955.90079406 3989.75661617 4025.33829061 4062.27739043
 4100.62460924 4141.17663074 4182.2794104  4223.65417285 4265.02336384]"
17,"[1.5  1.51 1.52 1.53 1.54 1.55 1.56 1.57 1.58 1.59 1.6  1.61 1.62 1.63
 1.64 1.65 1.66 1.67 1.68 1.69]","[0.17 0.17 0.17 0.17 0.17 0.17 0.17 0.17 0.17 0.17 0.17 0.17 0.17 0.17
 0.17 0.17 0.17 0.17 0.17 0.17]","[3830.69568609 3831.53790715 3835.97459243 3843.77834091 3854.59609524
 3868.31960584 3885.41218183 3905.42025602 3927.94233739 3952.80450685
 3979.84229822 4008.86259375 4039.63099409 4071.91794696 4105.50449347
 4140.955555   4177.98093378 4215.554745   4253.45553097 4291.37638953]"
18,"[1.5  1.51 1.52 1.53 1.54 1.55 1.56 1.57 1.58 1.59 1.6  1.61 1.62 1.63
 1.64 1.65 1.66 1.67 1.68 1.69]","[0.18 0.18 0.18 0.18 0.18 0.18 0.18 0.18 0.18 0.18 0.18 0.18 0.18 0.18
 0.18 0.18 0.18 0.18 0.18 0.18]","[3896.78777718 3897.40449231 3900.98846482 3907.46992314 3916.90234678
 3929.63855027 3945.13527031 3963.11719985 3983.43648403 4005.93214321
 4030.43089426 4056.74811228 4084.71547737 4114.11408443 4144.73564601
 4177.54411943 4211.3604061  4245.72970225 4280.38993636 4315.10699946]"
19,"[1.5  1.51 1.52 1.53 1.54 1.55 1.56 1.57 1.58 1.59 1.6  1.61 1.62 1.63
 1.64 1.65 1.66 1.67 1.68 1.69]","[0.19 0.19 0.19 0.19 0.19 0.19 0.19 0.19 0.19 0.19 0.19 0.19 0.19 0.19
 0.19 0.19 0.19 0.19 0.19 0.19]","[3957.72651468 3957.6509649  3960.33869968 3965.74410548 3974.40148687
 3985.63596393 3999.37870552 4015.48767446 4033.77134559 4054.08077093
 4076.25580625 4100.12601293 4125.51168197 4152.22841965 4180.33941106
 4210.46480544 4241.33188505 4272.72781315 4304.43144525 4336.23906481]"
