,n space,k space,Chi Square Statistic
0,"[1.5  1.51 1.52 1.53 1.54 1.55 1.56 1.57 1.58 1.59 1.6  1.61 1.62 1.63
 1.64 1.65 1.66 1.67 1.68 1.69]",[0. 0. 0. 0. 0. 0. 0. 0. 0. 0. 0. 0. 0. 0. 0. 0. 0. 0. 0. 0.],"[1712.62295652 1574.45859932 1421.53694368 1254.57129243 1074.30273421
  881.50727222  676.93043025  461.4092858   235.82927798    6.06237273
  241.65502746  491.4504426   747.08140016 1007.28914426 1270.6726362
 1535.71694413 1800.93663866 2064.59490343 2326.87395432 2585.94518917]"
1,"[1.5  1.51 1.52 1.53 1.54 1.55 1.56 1.57 1.58 1.59 1.6  1.61 1.62 1.63
 1.64 1.65 1.66 1.67 1.68 1.69]","[0.01 0.01 0.01 0.01 0.01 0.01 0.01 0.01 0.01 0.01 0.01 0.01 0.01 0.01
 0.01 0.01 0.01 0.01 0.01 0.01]","[1433.47122288 1310.18319031 1173.20852961 1023.47815089  861.81021134
  689.41964097  508.13898873  323.32385111  398.70093367  558.45113136
  729.97768701  911.88583523 1102.65735049 1302.93431482 1511.1979137
 1727.09061034 1952.00673405 2182.14653414 2413.95017282 2644.84172449]"
2,"[1.5  1.51 1.52 1.53 1.54 1.55 1.56 1.57 1.58 1.59 1.6  1.61 1.62 1.63
 1.64 1.65 1.66 1.67 1.68 1.69]","[0.02 0.02 0.02 0.02 0.02 0.02 0.02 0.02 0.02 0.02 0.02 0.02 0.02 0.02
 0.02 0.02 0.02 0.02 0.02 0.02]","[1184.47394374 1076.04806832  955.49783433  823.86164528  682.98519912
  569.59891872  632.66049205  755.61294601  891.38752856 1039.02681093
 1197.4376454  1365.40360118 1541.60129568 1724.61990856 1912.98307266
 2105.17230401 2300.64228428 2498.48481242 2696.4546769  2893.586145  ]"
3,"[1.5  1.51 1.52 1.53 1.54 1.55 1.56 1.57 1.58 1.59 1.6  1.61 1.62 1.63
 1.64 1.65 1.66 1.67 1.68 1.69]","[0.03 0.03 0.03 0.03 0.03 0.03 0.03 0.03 0.03 0.03 0.03 0.03 0.03 0.03
 0.03 0.03 0.03 0.03 0.03 0.03]","[ 980.99054164  908.68671168  851.98853721  834.13623521  889.86300921
  978.10429557 1079.38243055 1193.08178889 1318.46438186 1454.6719946
 1600.73195158 1755.56633809 1918.0043421  2086.79725583 2260.63559317
 2438.16773569 2618.01950971 2798.81411141 2979.1918242  3157.9169529 ]"
4,"[1.5  1.51 1.52 1.53 1.54 1.55 1.56 1.57 1.58 1.59 1.6  1.61 1.62 1.63
 1.64 1.65 1.66 1.67 1.68 1.69]","[0.04 0.04 0.04 0.04 0.04 0.04 0.04 0.04 0.04 0.04 0.04 0.04 0.04 0.04
 0.04 0.04 0.04 0.04 0.04 0.04]","[1124.21052662 1126.96085078 1169.45869396 1225.93658687 1295.17701863
 1376.80872313 1470.36166213 1575.26337659 1690.83785103 1816.30710805
 1950.79560063 2093.33732877 2242.885483   2398.32431721 2558.48287949
 2722.15018165 2888.09136289 3055.06439469 3221.83687734 3387.2024883 ]"
5,"[1.5  1.51 1.52 1.53 1.54 1.55 1.56 1.57 1.58 1.59 1.6  1.61 1.62 1.63
 1.64 1.65 1.66 1.67 1.68 1.69]","[0.05 0.05 0.05 0.05 0.05 0.05 0.05 0.05 0.05 0.05 0.05 0.05 0.05 0.05
 0.05 0.05 0.05 0.05 0.05 0.05]","[1468.72603248 1496.63205366 1536.75927918 1588.90350117 1652.78489709
 1728.04253009 1814.23007908 1910.81318119 2017.16868255 2132.58599193
 2256.27062504 2387.34992255 2524.88083015 2667.85954776 2815.23279074
 2965.91035829 3118.77867179 3272.71492652 3426.60149004 3579.34017852]"
6,"[1.5  1.51 1.52 1.53 1.54 1.55 1.56 1.57 1.58 1.59 1.6  1.61 1.62 1.63
 1.64 1.65 1.66 1.67 1.68 1.69]","[0.06 0.06 0.06 0.06 0.06 0.06 0.06 0.06 0.06 0.06 0.06 0.06 0.06 0.06
 0.06 0.06 0.06 0.06 0.06 0.06]","[1800.7273629  1826.22028936 1863.01338588 1910.89765752 1969.59645584
 2038.76146567 2117.9696262  2206.72128727 2304.43984198 2410.47300563
 2524.0958327  2644.51548577 2770.87769651 2902.27479289 3037.75511145
 3176.33356871 3317.00313172 3458.74690341 3600.55052158 3741.41456198]"
7,"[1.5  1.51 1.52 1.53 1.54 1.55 1.56 1.57 1.58 1.59 1.6  1.61 1.62 1.63
 1.64 1.65 1.66 1.67 1.68 1.69]","[0.07 0.07 0.07 0.07 0.07 0.07 0.07 0.07 0.07 0.07 0.07 0.07 0.07 0.07
 0.07 0.07 0.07 0.07 0.07 0.07]","[2097.24469135 2120.29213686 2153.79828881 2197.55416081 2251.28970206
 2314.67091659 2387.29771214 2468.70271603 2558.35125405 2655.64263721
 2759.91284399 2870.43862643 2986.44301062 3107.10210868 3231.55311184
 3358.90329409 3488.23982265 3618.64014622 3749.18271253 3878.9577549 ]"
8,"[1.5  1.51 1.52 1.53 1.54 1.55 1.56 1.57 1.58 1.59 1.6  1.61 1.62 1.63
 1.64 1.65 1.66 1.67 1.68 1.69]","[0.08 0.08 0.08 0.08 0.08 0.08 0.08 0.08 0.08 0.08 0.08 0.08 0.08 0.08
 0.08 0.08 0.08 0.08 0.08 0.08]","[2362.82115916 2383.44868106 2413.76371855 2453.56072882 2502.57869355
 2560.49910332 2626.94452774 2701.47795856 2783.60308462 2872.76561994
 2968.35576408 3069.71182795 3176.12501303 3286.84528812 3401.08826772
 3518.04296063 3636.88022719 3756.76175871 3876.84937343 3996.31441013]"
9,"[1.5  1.51 1.52 1.53 1.54 1.55 1.56 1.57 1.58 1.59 1.6  1.61 1.62 1.63
 1.64 1.65 1.66 1.67 1.68 1.69]","[0.09 0.09 0.09 0.09 0.09 0.09 0.09 0.09 0.09 0.09 0.09 0.09 0.09 0.09
 0.09 0.09 0.09 0.09 0.09 0.09]","[2601.29441799 2619.56742182 2646.81948773 2682.85093787 2727.41145644
 2780.1987356  2840.85760354 2908.97978289 2984.10440732 3065.71939682
 3153.26376017 3246.13085753 3343.67262021 3445.20468879 3550.01239728
 3657.35750022 3766.48551281 3876.63351121 3987.03822239 4096.94421935]"
10,"[1.5  1.51 1.52 1.53 1.54 1.55 1.56 1.57 1.58 1.59 1.6  1.61 1.62 1.63
 1.64 1.65 1.66 1.67 1.68 1.69]","[0.1 0.1 0.1 0.1 0.1 0.1 0.1 0.1 0.1 0.1 0.1 0.1 0.1 0.1 0.1 0.1 0.1 0.1
 0.1 0.1]","[2815.92903103 2831.93971948 2856.27748719 2888.75018311 2929.11927381
 2977.09899419 3032.35590429 3094.5089693  3163.13026532 3237.74639313
 3317.8406576  3402.85604264 3492.19898298 3585.24390467 3681.33847824
 3779.80950231 3879.9693119  3981.12258541 4082.57340812 4183.63243761]"
11,"[1.5  1.51 1.52 1.53 1.54 1.55 1.56 1.57 1.58 1.59 1.6  1.61 1.62 1.63
 1.64 1.65 1.66 1.67 1.68 1.69]","[0.11 0.11 0.11 0.11 0.11 0.11 0.11 0.11 0.11 0.11 0.11 0.11 0.11 0.11
 0.11 0.11 0.11 0.11 0.11 0.11]","[3009.51902007 3023.37691729 3044.96105364 3074.08789603 3110.53131979
 3154.02214304 3204.24800975 3260.85371401 3323.44204744 3391.57523623
 3464.77701517 3542.53536462 3624.30591267 3709.51598144 3797.56923276
 3887.85084653 3979.73314486 4072.58155753 4165.76081    4258.64120404]"
12,"[1.5  1.51 1.52 1.53 1.54 1.55 1.56 1.57 1.58 1.59 1.6  1.61 1.62 1.63
 1.64 1.65 1.66 1.67 1.68 1.69]","[0.12 0.12 0.12 0.12 0.12 0.12 0.12 0.12 0.12 0.12 0.12 0.12 0.12 0.12
 0.12 0.12 0.12 0.12 0.12 0.12]","[3184.46848437 3196.29353279 3215.29050972 3241.28516245 3274.06405559
 3313.37439507 3358.92415631 3410.38258965 3467.38116806 3529.51503034
 3596.34495816 3667.39990807 3742.18010094 3820.16065156 3900.79570217
 3983.52300481 4067.76888053 4152.95346833 4238.49616434 4323.82114209]"
13,"[1.5  1.51 1.52 1.53 1.54 1.55 1.56 1.57 1.58 1.59 1.6  1.61 1.62 1.63
 1.64 1.65 1.66 1.67 1.68 1.69]","[0.13 0.13 0.13 0.13 0.13 0.13 0.13 0.13 0.13 0.13 0.13 0.13 0.13 0.13
 0.13 0.13 0.13 0.13 0.13 0.13]","[3342.85581615 3352.77334683 3369.35097238 3392.42406165 3421.7918879
 3457.21766922 3498.42887786 3545.1178757  3596.94292752 3653.52963393
 3714.47281476 3779.33885928 3847.66854493 3918.98031005 3992.77395015
 4068.53469198 4145.73758501 4223.8521374  4302.34711299 4380.69539742]"
14,"[1.5  1.51 1.52 1.53 1.54 1.55 1.56 1.57 1.58 1.59 1.6  1.61 1.62 1.63
 1.64 1.65 1.66 1.67 1.68 1.69]","[0.14 0.14 0.14 0.14 0.14 0.14 0.14 0.14 0.14 0.14 0.14 0.14 0.14 0.14
 0.14 0.14 0.14 0.14 0.14 0.14]","[3486.48544107 3494.6225221  3508.94674095 3529.30318997 3555.50367591
 3587.32692    3624.51899781 3666.79406409 3713.83540286 3765.29683595
 3820.80451351 3879.95909947 3942.33835188 4007.50008572 4074.98549211
 4144.32277519 4215.03105595 4286.62448162 4358.61647011 4430.52401253]"
15,"[1.5  1.51 1.52 1.53 1.54 1.55 1.56 1.57 1.58 1.59 1.6  1.61 1.62 1.63
 1.64 1.65 1.66 1.67 1.68 1.69]","[0.15 0.15 0.15 0.15 0.15 0.15 0.15 0.15 0.15 0.15 0.15 0.15 0.15 0.15
 0.15 0.15 0.15 0.15 0.15 0.15]","[3616.92992971 3623.41273571 3635.64537279 3653.48258225 3676.74838717
 3705.23640783 3738.71039261 3776.90499979 3819.5268617  3866.25595672
 3916.74730755 3970.63301461 4027.52462392 4087.01581773 4148.68540555
 4212.10058246 4276.82041171 4342.39947964 4408.39166351 4474.35394707]"
16,"[1.5  1.51 1.52 1.53 1.54 1.55 1.56 1.57 1.58 1.59 1.6  1.61 1.62 1.63
 1.64 1.65 1.66 1.67 1.68 1.69]","[0.16 0.16 0.16 0.16 0.16 0.16 0.16 0.16 0.16 0.16 0.16 0.16 0.16 0.16
 0.16 0.16 0.16 0.16 0.16 0.16]","[3735.56457664 3740.51651923 3750.81372662 3766.32038622 3786.8723193
 3812.27737728 3842.31603284 3876.74219346 3915.28426139 3957.64646013
 4003.51044054 4052.5371731  4104.36912422 4158.63270582 4214.94097861
 4272.8965805  4332.09484338 4392.12705436 4452.58381084 4513.05841463]"
17,"[1.5  1.51 1.52 1.53 1.54 1.55 1.56 1.57 1.58 1.59 1.6  1.61 1.62 1.63
 1.64 1.65 1.66 1.67 1.68 1.69]","[0.17 0.17 0.17 0.17 0.17 0.17 0.17 0.17 0.17 0.17 0.17 0.17 0.17 0.17
 0.17 0.17 0.17 0.17 0.17 0.17]","[3843.59601638 3847.13644374 3855.64767279 3869.00304306 3887.0496869
 3909.60898001 3936.47716891 3967.42619653 4002.20474436 4040.53950629
 4082.13670363 4126.68384536 4173.85173058 4223.29668312 4274.66300086
 4327.58559499 4381.69278776 4436.60923106 4491.95890306 4547.36813626]"
18,"[1.5  1.51 1.52 1.53 1.54 1.55 1.56 1.57 1.58 1.59 1.6  1.61 1.62 1.63
 1.64 1.65 1.66 1.67 1.68 1.69]","[0.18 0.18 0.18 0.18 0.18 0.18 0.18 0.18 0.18 0.18 0.18 0.18 0.18 0.18
 0.18 0.18 0.18 0.18 0.18 0.18]","[3942.08606782 3944.32939053 3951.19675612 3962.57029951 3978.30793289
 3998.24383005 4022.18907177 4049.93246853 4081.24157457 4115.86390425
 4153.5283575  4193.94685639 4236.816189   4281.82005115 4328.63127043
 4376.91419083 4426.32719085 4476.52530283 4527.16289708 4577.89639107]"
19,"[1.5  1.51 1.52 1.53 1.54 1.55 1.56 1.57 1.58 1.59 1.6  1.61 1.62 1.63
 1.64 1.65 1.66 1.67 1.68 1.69]","[0.19 0.19 0.19 0.19 0.19 0.19 0.19 0.19 0.19 0.19 0.19 0.19 0.19 0.19
 0.19 0.19 0.19 0.19 0.19 0.19]","[4031.97172373 4033.02685997 4038.38479652 4047.9360661  4061.54880457
 4079.06925338 4100.32240896 4125.1128314  4153.22562278 4184.42758323
 4218.46854895 4255.08291268 4293.99132252 4334.90254983 4377.51551244
 4421.52143403 4466.60611618 4512.45229529 4558.74205329 4605.15924817]"
