,n space,k space,Chi Square Statistic
0,"[1.5  1.51 1.52 1.53 1.54 1.55 1.56 1.57 1.58 1.59 1.6  1.61 1.62 1.63
 1.64 1.65 1.66 1.67 1.68 1.69]",[0. 0. 0. 0. 0. 0. 0. 0. 0. 0. 0. 0. 0. 0. 0. 0. 0. 0. 0. 0.],"[1536.74379535 1477.72224517 1420.02182867 1361.3157644  1310.38364969
 1259.60783374 1208.7018932  1163.3727639  1122.77415836 1093.72998091
 1076.17891717 1078.4471733  1098.34742136 1126.94985947 1179.49200028
 1261.13959245 1354.1096005  1460.7669144  1567.83871689 1675.24805662]"
1,"[1.5  1.51 1.52 1.53 1.54 1.55 1.56 1.57 1.58 1.59 1.6  1.61 1.62 1.63
 1.64 1.65 1.66 1.67 1.68 1.69]","[0.01 0.01 0.01 0.01 0.01 0.01 0.01 0.01 0.01 0.01 0.01 0.01 0.01 0.01
 0.01 0.01 0.01 0.01 0.01 0.01]","[1480.24190152 1427.48937623 1372.71508073 1318.08940263 1265.48257799
 1220.20959789 1175.80416182 1138.78999043 1111.73432541 1096.52122239
 1101.04824363 1114.86423048 1135.7090036  1181.06510164 1254.19736431
 1338.46279627 1438.65806454 1538.8911651  1638.28108574 1736.27596977]"
2,"[1.5  1.51 1.52 1.53 1.54 1.55 1.56 1.57 1.58 1.59 1.6  1.61 1.62 1.63
 1.64 1.65 1.66 1.67 1.68 1.69]","[0.02 0.02 0.02 0.02 0.02 0.02 0.02 0.02 0.02 0.02 0.02 0.02 0.02 0.02
 0.02 0.02 0.02 0.02 0.02 0.02]","[1468.91077089 1417.59535141 1369.19058695 1321.64978507 1274.7556081
 1235.47924107 1203.6452949  1177.70315618 1168.18544672 1172.11217576
 1182.37836202 1197.02775876 1241.52633421 1307.56767991 1381.7179703
 1470.3910372  1561.14446505 1652.51913876 1743.57670791 1833.67228473]"
3,"[1.5  1.51 1.52 1.53 1.54 1.55 1.56 1.57 1.58 1.59 1.6  1.61 1.62 1.63
 1.64 1.65 1.66 1.67 1.68 1.69]","[0.03 0.03 0.03 0.03 0.03 0.03 0.03 0.03 0.03 0.03 0.03 0.03 0.03 0.03
 0.03 0.03 0.03 0.03 0.03 0.03]","[1478.16086667 1435.02755846 1393.52014067 1356.47520777 1323.39280777
 1294.65152433 1277.41611597 1271.40071798 1270.67970797 1277.94290744
 1292.74224401 1334.61080763 1392.67296406 1458.45016886 1536.55638766
 1618.43527706 1701.51869317 1785.28531234 1869.33587165 1952.71823501]"
4,"[1.5  1.51 1.52 1.53 1.54 1.55 1.56 1.57 1.58 1.59 1.6  1.61 1.62 1.63
 1.64 1.65 1.66 1.67 1.68 1.69]","[0.04 0.04 0.04 0.04 0.04 0.04 0.04 0.04 0.04 0.04 0.04 0.04 0.04 0.04
 0.04 0.04 0.04 0.04 0.04 0.04]","[1501.36537128 1469.63284658 1440.52749378 1414.14300915 1395.82944617
 1385.20652946 1379.54582362 1380.60623516 1385.92425547 1404.10885127
 1443.3484287  1493.67714621 1550.70833247 1618.5722763  1691.0468896
 1765.16671966 1840.58272107 1916.7769903  1993.09920646 2069.86905987]"
5,"[1.5  1.51 1.52 1.53 1.54 1.55 1.56 1.57 1.58 1.59 1.6  1.61 1.62 1.63
 1.64 1.65 1.66 1.67 1.68 1.69]","[0.05 0.05 0.05 0.05 0.05 0.05 0.05 0.05 0.05 0.05 0.05 0.05 0.05 0.05
 0.05 0.05 0.05 0.05 0.05 0.05]","[1543.51176042 1522.25572372 1504.96517924 1494.17045058 1486.42552545
 1484.37842399 1485.26119933 1492.80026386 1514.96001844 1552.90032472
 1595.93115304 1645.65411279 1705.10271497 1769.46171745 1835.98801648
 1904.44410068 1974.16452413 2044.55115422 2115.08255134 2185.28480418]"
6,"[1.5  1.51 1.52 1.53 1.54 1.55 1.56 1.57 1.58 1.59 1.6  1.61 1.62 1.63
 1.64 1.65 1.66 1.67 1.68 1.69]","[0.06 0.06 0.06 0.06 0.06 0.06 0.06 0.06 0.06 0.06 0.06 0.06 0.06 0.06
 0.06 0.06 0.06 0.06 0.06 0.06]","[1606.85238033 1595.69577882 1587.58929396 1583.24259991 1580.57116227
 1584.34492567 1597.26436044 1622.19509743 1655.17323235 1691.94982772
 1735.63244955 1788.1661414  1845.50246961 1905.16941069 1966.73542038
 2029.72095403 2093.74043893 2158.45972979 2223.27342605 2287.72479535]"
7,"[1.5  1.51 1.52 1.53 1.54 1.55 1.56 1.57 1.58 1.59 1.6  1.61 1.62 1.63
 1.64 1.65 1.66 1.67 1.68 1.69]","[0.07 0.07 0.07 0.07 0.07 0.07 0.07 0.07 0.07 0.07 0.07 0.07 0.07 0.07
 0.07 0.07 0.07 0.07 0.07 0.07]","[1683.42053936 1676.71751746 1674.26527992 1675.7536326  1683.34888177
 1700.26634538 1723.00734017 1750.65461618 1781.63474547 1819.65225375
 1866.43700706 1916.99274739 1969.95449658 2024.98681611 2081.73301954
 2139.81741678 2198.88971364 2258.51493101 2318.26819323 2377.7373737 ]"
8,"[1.5  1.51 1.52 1.53 1.54 1.55 1.56 1.57 1.58 1.59 1.6  1.61 1.62 1.63
 1.64 1.65 1.66 1.67 1.68 1.69]","[0.08 0.08 0.08 0.08 0.08 0.08 0.08 0.08 0.08 0.08 0.08 0.08 0.08 0.08
 0.08 0.08 0.08 0.08 0.08 0.08]","[1769.01344973 1768.65075888 1773.04547234 1784.11751831 1798.87523861
 1817.63341064 1840.37473904 1867.50373057 1900.89915758 1941.87441394
 1985.67214183 2031.99260875 2080.5512342  2131.11411326 2183.30361217
 2236.74436695 2291.07659078 2345.98467472 2401.09140023 2455.94811994]"
9,"[1.5  1.51 1.52 1.53 1.54 1.55 1.56 1.57 1.58 1.59 1.6  1.61 1.62 1.63
 1.64 1.65 1.66 1.67 1.68 1.69]","[0.09 0.09 0.09 0.09 0.09 0.09 0.09 0.09 0.09 0.09 0.09 0.09 0.09 0.09
 0.09 0.09 0.09 0.09 0.09 0.09]","[1870.18202746 1873.85782787 1880.86682996 1891.28510219 1906.23936373
 1924.19787154 1947.43163097 1977.87131997 2012.91742298 2050.75673978
 2091.16019683 2133.87936564 2178.64696941 2225.21469822 2273.26488682
 2322.49119198 2372.57654986 2423.15086939 2473.8507427  2524.32838463]"
10,"[1.5  1.51 1.52 1.53 1.54 1.55 1.56 1.57 1.58 1.59 1.6  1.61 1.62 1.63
 1.64 1.65 1.66 1.67 1.68 1.69]","[0.1 0.1 0.1 0.1 0.1 0.1 0.1 0.1 0.1 0.1 0.1 0.1 0.1 0.1 0.1 0.1 0.1 0.1
 0.1 0.1]","[1968.41128225 1972.14807032 1979.80197508 1990.46472599 2005.42506908
 2025.80707829 2051.83311845 2080.91293204 2112.80539734 2147.34279551
 2184.28790468 2223.59507469 2264.89165728 2307.80058504 2352.04397208
 2397.33120809 2443.41828585 2489.99754326 2536.75245168 2583.39245983]"
11,"[1.5  1.51 1.52 1.53 1.54 1.55 1.56 1.57 1.58 1.59 1.6  1.61 1.62 1.63
 1.64 1.65 1.66 1.67 1.68 1.69]","[0.11 0.11 0.11 0.11 0.11 0.11 0.11 0.11 0.11 0.11 0.11 0.11 0.11 0.11
 0.11 0.11 0.11 0.11 0.11 0.11]","[2058.73670674 2062.63733046 2071.44275287 2084.68968548 2102.08087829
 2122.97407958 2146.79455071 2173.39379293 2202.69471692 2234.48647788
 2268.51882241 2304.54728907 2342.34348123 2381.66487022 2422.26958287
 2463.91456008 2506.28118825 2549.11096309 2592.14718908 2635.16680947]"
12,"[1.5  1.51 1.52 1.53 1.54 1.55 1.56 1.57 1.58 1.59 1.6  1.61 1.62 1.63
 1.64 1.65 1.66 1.67 1.68 1.69]","[0.12 0.12 0.12 0.12 0.12 0.12 0.12 0.12 0.12 0.12 0.12 0.12 0.12 0.12
 0.12 0.12 0.12 0.12 0.12 0.12]","[2146.11751897 2151.95990436 2161.49939105 2174.54295366 2190.85888077
 2210.00974419 2231.8778634  2256.37403461 2283.28114756 2312.43001101
 2343.63701052 2376.70445975 2411.44717185 2447.64575777 2485.02983432
 2523.35393623 2562.36435636 2601.80117433 2641.40053909 2680.89716526]"
13,"[1.5  1.51 1.52 1.53 1.54 1.55 1.56 1.57 1.58 1.59 1.6  1.61 1.62 1.63
 1.64 1.65 1.66 1.67 1.68 1.69]","[0.13 0.13 0.13 0.13 0.13 0.13 0.13 0.13 0.13 0.13 0.13 0.13 0.13 0.13
 0.13 0.13 0.13 0.13 0.13 0.13]","[2228.86890283 2234.97534248 2244.06646343 2255.98692939 2270.64641536
 2287.94141706 2307.98170479 2330.43564136 2355.1171118  2381.91344024
 2410.62030189 2441.03927293 2472.97461192 2506.21947069 2540.55697359
 2575.76154854 2611.60782515 2647.87770272 2684.29785248 2720.62588728]"
14,"[1.5  1.51 1.52 1.53 1.54 1.55 1.56 1.57 1.58 1.59 1.6  1.61 1.62 1.63
 1.64 1.65 1.66 1.67 1.68 1.69]","[0.14 0.14 0.14 0.14 0.14 0.14 0.14 0.14 0.14 0.14 0.14 0.14 0.14 0.14
 0.14 0.14 0.14 0.14 0.14 0.14]","[2304.66246118 2310.11310811 2318.25983033 2329.07555829 2342.46325912
 2358.29172696 2376.45092578 2396.81851623 2419.33521554 2443.90656958
 2470.22877159 2498.1312002  2527.47904098 2558.03277472 2589.59153921
 2621.94777905 2654.88781452 2688.19347005 2721.64387785 2755.01742688]"
15,"[1.5  1.51 1.52 1.53 1.54 1.55 1.56 1.57 1.58 1.59 1.6  1.61 1.62 1.63
 1.64 1.65 1.66 1.67 1.68 1.69]","[0.15 0.15 0.15 0.15 0.15 0.15 0.15 0.15 0.15 0.15 0.15 0.15 0.15 0.15
 0.15 0.15 0.15 0.15 0.15 0.15]","[2372.95428095 2377.76476228 2385.09221908 2394.85330165 2406.96790467
 2421.41383722 2438.0190049  2456.66750264 2477.23339163 2499.57977707
 2523.55913964 2549.04018511 2575.94190243 2603.95707959 2632.90137165
 2662.60013726 2692.85638259 2723.45133858 2754.18263715 2784.84743028]"
16,"[1.5  1.51 1.52 1.53 1.54 1.55 1.56 1.57 1.58 1.59 1.6  1.61 1.62 1.63
 1.64 1.65 1.66 1.67 1.68 1.69]","[0.16 0.16 0.16 0.16 0.16 0.16 0.16 0.16 0.16 0.16 0.16 0.16 0.16 0.16
 0.16 0.16 0.16 0.16 0.16 0.16]","[2434.63638282 2438.81445961 2445.31514643 2454.11713269 2465.10591705
 2478.19143731 2493.29628198 2510.33671862 2529.15136107 2549.61254602
 2571.5830092  2594.91636045 2619.4576867  2645.0442947  2671.50660075
 2698.6691693  2726.35189656 2754.38033199 2782.57399653 2810.71438783]"
17,"[1.5  1.51 1.52 1.53 1.54 1.55 1.56 1.57 1.58 1.59 1.6  1.61 1.62 1.63
 1.64 1.65 1.66 1.67 1.68 1.69]","[0.17 0.17 0.17 0.17 0.17 0.17 0.17 0.17 0.17 0.17 0.17 0.17 0.17 0.17
 0.17 0.17 0.17 0.17 0.17 0.17]","[2490.35937458 2493.96802567 2499.73309992 2507.59400356 2517.4861756
 2529.36092598 2543.08959825 2558.57207953 2575.7273154  2594.43290777
 2614.53491165 2635.89748107 2658.37714409 2681.82351046 2706.08010301
 2730.98531386 2756.37348137 2782.07607901 2807.92300206 2833.74393348]"
18,"[1.5  1.51 1.52 1.53 1.54 1.55 1.56 1.57 1.58 1.59 1.6  1.61 1.62 1.63
 1.64 1.65 1.66 1.67 1.68 1.69]","[0.18 0.18 0.18 0.18 0.18 0.18 0.18 0.18 0.18 0.18 0.18 0.18 0.18 0.18
 0.18 0.18 0.18 0.18 0.18 0.18]","[2540.7623224  2543.8307487  2548.90165535 2555.91824083 2564.81432822
 2575.51451001 2587.94932266 2602.0360459  2617.64646507 2634.67018652
 2653.01677686 2672.54961836 2693.11687652 2714.57953303 2736.79317523
 2759.60887674 2782.87417873 2806.43416379 2830.13261024 2853.81321091]"
19,"[1.5  1.51 1.52 1.53 1.54 1.55 1.56 1.57 1.58 1.59 1.6  1.61 1.62 1.63
 1.64 1.65 1.66 1.67 1.68 1.69]","[0.19 0.19 0.19 0.19 0.19 0.19 0.19 0.19 0.19 0.19 0.19 0.19 0.19 0.19
 0.19 0.19 0.19 0.19 0.19 0.19]","[2586.40501563 2588.96336557 2593.38155715 2599.6064547  2607.57617159
 2617.22023441 2628.4597729  2641.20774463 2655.39164034 2670.90120236
 2687.61113485 2705.40485518 2724.17863519 2743.80334899 2764.12531425
 2785.00724389 2806.30876057 2827.88736849 2849.59949125 2871.30156203]"
