,n space,k space,Chi Square Statistic
0,"[1.5  1.51 1.52 1.53 1.54 1.55 1.56 1.57 1.58 1.59 1.6  1.61 1.62 1.63
 1.64 1.65 1.66 1.67 1.68 1.69]",[0. 0. 0. 0. 0. 0. 0. 0. 0. 0. 0. 0. 0. 0. 0. 0. 0. 0. 0. 0.],"[3224.97697142 3070.02433566 2879.86566569 2654.06090274 2394.31361223
 2100.00445621 1772.11148306 1414.04222933 1045.26192003  753.36108258
 1093.72534704 1555.50812416 2048.52116472 2563.5188919  3094.41754049
 3637.2173001  4189.6026046  4749.68426568 5311.8781346  5869.86949407]"
1,"[1.5  1.51 1.52 1.53 1.54 1.55 1.56 1.57 1.58 1.59 1.6  1.61 1.62 1.63
 1.64 1.65 1.66 1.67 1.68 1.69]","[0.01 0.01 0.01 0.01 0.01 0.01 0.01 0.01 0.01 0.01 0.01 0.01 0.01 0.01
 0.01 0.01 0.01 0.01 0.01 0.01]","[2412.46683675 2267.56652568 2087.89641095 1875.00756431 1632.49479213
 1359.6729584  1071.18438764  851.70604489 1055.60617719 1400.32155986
 1787.33713731 2199.00269782 2629.64361343 3077.51041073 3540.61557408
 4017.27877284 4500.90333619 4990.73602025 5480.72371442 5968.23702953]"
2,"[1.5  1.51 1.52 1.53 1.54 1.55 1.56 1.57 1.58 1.59 1.6  1.61 1.62 1.63
 1.64 1.65 1.66 1.67 1.68 1.69]","[0.02 0.02 0.02 0.02 0.02 0.02 0.02 0.02 0.02 0.02 0.02 0.02 0.02 0.02
 0.02 0.02 0.02 0.02 0.02 0.02]","[1695.62589564 1564.81825484 1404.92247801 1215.90516329 1076.39902609
 1091.61922345 1261.7113115  1510.01844344 1805.99383162 2131.84115336
 2481.07845458 2850.85844972 3237.79542442 3638.15745184 4049.0047227
 4468.18538664 4891.93035683 5319.76567535 5750.11619722 6181.49324963]"
3,"[1.5  1.51 1.52 1.53 1.54 1.55 1.56 1.57 1.58 1.59 1.6  1.61 1.62 1.63
 1.64 1.65 1.66 1.67 1.68 1.69]","[0.03 0.03 0.03 0.03 0.03 0.03 0.03 0.03 0.03 0.03 0.03 0.03 0.03 0.03
 0.03 0.03 0.03 0.03 0.03 0.03]","[1463.61574156 1430.70110911 1447.2863918  1514.81419747 1625.18723542
 1796.372228   2007.77325743 2251.52160746 2521.623507   2815.6805367
 3131.2577875  3465.91428582 3816.46910855 4179.99689491 4553.1969433
 4932.61162634 5315.78708818 5699.65447647 6082.29020181 6461.5822996 ]"
4,"[1.5  1.51 1.52 1.53 1.54 1.55 1.56 1.57 1.58 1.59 1.6  1.61 1.62 1.63
 1.64 1.65 1.66 1.67 1.68 1.69]","[0.04 0.04 0.04 0.04 0.04 0.04 0.04 0.04 0.04 0.04 0.04 0.04 0.04 0.04
 0.04 0.04 0.04 0.04 0.04 0.04]","[2019.16193185 2037.57809789 2099.47576169 2203.8475177  2339.98902632
 2508.218168   2703.36544403 2924.09214063 3169.07759942 3436.49318195
 3723.31546495 4027.15751488 4345.6052905  4676.21455285 5016.20301016
 5362.60390231 5712.58907214 6063.33461345 6412.30883356 6757.21379463]"
5,"[1.5  1.51 1.52 1.53 1.54 1.55 1.56 1.57 1.58 1.59 1.6  1.61 1.62 1.63
 1.64 1.65 1.66 1.67 1.68 1.69]","[0.05 0.05 0.05 0.05 0.05 0.05 0.05 0.05 0.05 0.05 0.05 0.05 0.05 0.05
 0.05 0.05 0.05 0.05 0.05 0.05]","[2662.83734898 2705.03458618 2776.13380926 2875.33720352 3000.87345538
 3152.05712591 3328.55218191 3528.49175786 3750.32868219 3992.42776132
 4252.61207159 4528.71529191 4818.69988836 5119.89352951 5429.79297096
 5745.98049165 6065.95920413 6387.75187783 6708.7798002  7026.77754625]"
6,"[1.5  1.51 1.52 1.53 1.54 1.55 1.56 1.57 1.58 1.59 1.6  1.61 1.62 1.63
 1.64 1.65 1.66 1.67 1.68 1.69]","[0.06 0.06 0.06 0.06 0.06 0.06 0.06 0.06 0.06 0.06 0.06 0.06 0.06 0.06
 0.06 0.06 0.06 0.06 0.06 0.06]","[3287.5270501  3326.24305377 3390.27049593 3479.66664726 3593.31779183
 3730.56253757 3890.33915656 4071.42379721 4272.4527764  4491.93608186
 4728.05485679 4978.92482359 5242.69330104 5517.14826139 5800.1122112
 6089.27051784 6382.44007735 6677.42811226 6972.09313502 7264.37122783]"
7,"[1.5  1.51 1.52 1.53 1.54 1.55 1.56 1.57 1.58 1.59 1.6  1.61 1.62 1.63
 1.64 1.65 1.66 1.67 1.68 1.69]","[0.07 0.07 0.07 0.07 0.07 0.07 0.07 0.07 0.07 0.07 0.07 0.07 0.07 0.07
 0.07 0.07 0.07 0.07 0.07 0.07]","[3853.92135722 3887.12246572 3943.6490491  4023.18712789 4125.17757057
 4248.77766005 4393.07604062 4557.00748632 4739.3215042  4938.57744301
 5153.28058299 5381.6701466  5621.99333051 5872.28682339 6130.59496104
 6394.92607045 6663.27915053 6933.67020025 7204.16485318 7472.91299318]"
8,"[1.5  1.51 1.52 1.53 1.54 1.55 1.56 1.57 1.58 1.59 1.6  1.61 1.62 1.63
 1.64 1.65 1.66 1.67 1.68 1.69]","[0.08 0.08 0.08 0.08 0.08 0.08 0.08 0.08 0.08 0.08 0.08 0.08 0.08 0.08
 0.08 0.08 0.08 0.08 0.08 0.08]","[4366.7851448  4393.9225308  4442.62757173 4512.74449219 4603.64408254
 4714.48379566 4844.51198076 4992.64251387 5157.72994806 5338.50424304
 5533.55250524 5741.30004286 5960.11845209 6188.3021085  6424.0893008
 6665.7378785  6911.40126414 7159.26745344 7407.57319923 7654.60813444]"
9,"[1.5  1.51 1.52 1.53 1.54 1.55 1.56 1.57 1.58 1.59 1.6  1.61 1.62 1.63
 1.64 1.65 1.66 1.67 1.68 1.69]","[0.09 0.09 0.09 0.09 0.09 0.09 0.09 0.09 0.09 0.09 0.09 0.09 0.09 0.09
 0.09 0.09 0.09 0.09 0.09 0.09]","[4830.63598313 4852.29595391 4894.0192008  4955.36847436 5035.80275326
 5134.74322924 5251.49600073 5384.97674787 5534.15114066 5697.8927536
 5874.86099623 6063.65699228 6262.83897185 6470.82741586 6686.02663534
 6906.81332499 7131.55168227 7358.64913578 7586.47463344 7813.48764909]"
10,"[1.5  1.51 1.52 1.53 1.54 1.55 1.56 1.57 1.58 1.59 1.6  1.61 1.62 1.63
 1.64 1.65 1.66 1.67 1.68 1.69]","[0.1 0.1 0.1 0.1 0.1 0.1 0.1 0.1 0.1 0.1 0.1 0.1 0.1 0.1 0.1 0.1 0.1 0.1
 0.1 0.1]","[5250.96809981 5267.5563713  5302.68825431 5355.98424447 5427.02104003
 5515.14857464 5619.60850924 5739.55398664 5874.13627054 6022.19769332
 6182.5717426  6353.96606174 6535.10516616 6724.52552341 6920.8226912
 7122.49768212 7328.05687343 7536.01890617 7744.92177556 7953.3380084 ]"
11,"[1.5  1.51 1.52 1.53 1.54 1.55 1.56 1.57 1.58 1.59 1.6  1.61 1.62 1.63
 1.64 1.65 1.66 1.67 1.68 1.69]","[0.11 0.11 0.11 0.11 0.11 0.11 0.11 0.11 0.11 0.11 0.11 0.11 0.11 0.11
 0.11 0.11 0.11 0.11 0.11 0.11]","[5632.98365134 5644.74569742 5673.68183944 5719.45839714 5781.70703365
 5859.82762481 5953.12572362 6060.82254203 6181.98935739 6315.64851929
 6460.74422498 6616.20282567 6780.72695615 6953.04950656 7131.86164011
 7315.83360548 7503.69513212 7694.01792356 7885.45050183 8076.68648502]"
12,"[1.5  1.51 1.52 1.53 1.54 1.55 1.56 1.57 1.58 1.59 1.6  1.61 1.62 1.63
 1.64 1.65 1.66 1.67 1.68 1.69]","[0.12 0.12 0.12 0.12 0.12 0.12 0.12 0.12 0.12 0.12 0.12 0.12 0.12 0.12
 0.12 0.12 0.12 0.12 0.12 0.12]","[5980.4236884  5987.86034782 6011.23783586 6050.229094   6104.40846169
 6173.26636324 6256.20602793 6352.49429142 6461.30957014 6581.85291106
 6713.04536369 6853.84456629 7003.14782965 7159.80284889 7322.65539846
 7490.47654098 7662.00640629 7836.01375569 8011.29733675 8186.6599769 ]"
13,"[1.5  1.51 1.52 1.53 1.54 1.55 1.56 1.57 1.58 1.59 1.6  1.61 1.62 1.63
 1.64 1.65 1.66 1.67 1.68 1.69]","[0.13 0.13 0.13 0.13 0.13 0.13 0.13 0.13 0.13 0.13 0.13 0.13 0.13 0.13
 0.13 0.13 0.13 0.13 0.13 0.13]","[6296.86814869 6300.32612046 6318.58938926 6351.35040202 6398.21194652
 6458.68750538 6532.20268051 6618.12478062 6715.72750956 6824.16103654
 6942.53002777 7069.89045807 7205.28065624 7347.59643721 7495.75296278
 7648.64397755 7805.15607198 7964.15007942 8124.50941219 8285.13679991]"
14,"[1.5  1.51 1.52 1.53 1.54 1.55 1.56 1.57 1.58 1.59 1.6  1.61 1.62 1.63
 1.64 1.65 1.66 1.67 1.68 1.69]","[0.14 0.14 0.14 0.14 0.14 0.14 0.14 0.14 0.14 0.14 0.14 0.14 0.14 0.14
 0.14 0.14 0.14 0.14 0.14 0.14]","[6585.51534964 6585.33338746 6598.9100023  6625.95740013 6666.10606767
 6718.90543195 6783.8254362  6860.25910679 6947.53260692 7044.93569747
 7151.63529978 7266.74041409 7389.33341057 7518.45602119 7653.11818887
 7792.32378129 7935.05080482 8080.24569442 8226.88521678 8373.96114141]"
15,"[1.5  1.51 1.52 1.53 1.54 1.55 1.56 1.57 1.58 1.59 1.6  1.61 1.62 1.63
 1.64 1.65 1.66 1.67 1.68 1.69]","[0.15 0.15 0.15 0.15 0.15 0.15 0.15 0.15 0.15 0.15 0.15 0.15 0.15 0.15
 0.15 0.15 0.15 0.15 0.15 0.15]","[6849.16714412 6845.67140388 6854.96841906 6876.78997356 6910.79321616
 6956.56152948 7013.60618876 7081.36886673 7159.22501715 7246.48814289
 7342.44602748 7446.31494447 7557.21573831 7674.27262134 7796.58066835
 7923.21398442 8053.23407833 8185.69828155 8319.66805267 8454.21701318]"
16,"[1.5  1.51 1.52 1.53 1.54 1.55 1.56 1.57 1.58 1.59 1.6  1.61 1.62 1.63
 1.64 1.65 1.66 1.67 1.68 1.69]","[0.16 0.16 0.16 0.16 0.16 0.16 0.16 0.16 0.16 0.16 0.16 0.16 0.16 0.16
 0.16 0.16 0.16 0.16 0.16 0.16]","[7090.28713874 7083.78821803 7089.19007289 7106.24358052 7134.63133046
 7173.96863043 7223.8051973  7283.62757504 7352.86230288 7430.87983479
 7516.99918909 7610.5111812  7710.67707367 7816.6552735  7927.61241738
 8042.70088695 8161.06093122 8281.82812393 8404.1407348  8527.14688517]"
17,"[1.5  1.51 1.52 1.53 1.54 1.55 1.56 1.57 1.58 1.59 1.6  1.61 1.62 1.63
 1.64 1.65 1.66 1.67 1.68 1.69]","[0.17 0.17 0.17 0.17 0.17 0.17 0.17 0.17 0.17 0.17 0.17 0.17 0.17 0.17
 0.17 0.17 0.17 0.17 0.17 0.17]","[7311.04887458 7301.84007401 7303.70758874 7316.4206985  7339.68610378
 7373.14901411 7416.39483404 7468.9514778  7530.29232804 7599.8398371
 7676.96975016 7761.01591164 7851.28563574 7947.08246147 8047.610461
 8152.08361212 8259.71351281 8369.70674622 8481.27144696 8593.62369426]"
18,"[1.5  1.51 1.52 1.53 1.54 1.55 1.56 1.57 1.58 1.59 1.6  1.61 1.62 1.63
 1.64 1.65 1.66 1.67 1.68 1.69]","[0.18 0.18 0.18 0.18 0.18 0.18 0.18 0.18 0.18 0.18 0.18 0.18 0.18 0.18
 0.18 0.18 0.18 0.18 0.18 0.18]","[7513.37598769 7501.73244943 7500.40259955 7509.17329575 7527.7739667
 7555.87774217 7593.10310735 7639.0161039  7693.1330873  7754.92403661
 7823.81639724 7899.19942247 7980.42896491 8066.83771648 8157.77275402
 8252.48532492 8350.24094388 8450.31076632 8551.96658486 8654.48655865]"
19,"[1.5  1.51 1.52 1.53 1.54 1.55 1.56 1.57 1.58 1.59 1.6  1.61 1.62 1.63
 1.64 1.65 1.66 1.67 1.68 1.69]","[0.19 0.19 0.19 0.19 0.19 0.19 0.19 0.19 0.19 0.19 0.19 0.19 0.19 0.19
 0.19 0.19 0.19 0.19 0.19 0.19]","[7698.98254579 7685.15437048 7680.94060452 7686.1381332  7700.49771783
 7723.71849241 7755.44956752 7795.29211215 7842.80191881 7897.49244605
 7958.83832036 8026.27926688 8099.22442678 8177.05700804 8259.14159149
 8344.86908797 8433.53821909 8524.46836819 8616.98942184 8710.43632428]"
