,Theta,Input Phase Function
0,0.0,335.61304389604857
1,0.5,335.7195719103561
2,1.0,334.73426224856814
3,1.5,333.8059880081108
4,2.0,329.1190685340515
5,2.5,330.8130648915122
6,3.0,330.81167465864854
7,3.5,327.51304092426926
8,4.0,324.43573134121084
9,4.5,323.90397972767755
10,5.0,316.5885617313653
11,5.5,316.0430478505838
12,6.0,314.9973063003743
13,6.5,309.29781764486506
14,7.0,302.4324775902486
15,7.5,300.94693969670845
16,8.0,297.15172269838433
17,8.5,291.612235259686
18,9.0,289.43162750998965
19,9.5,280.44229200806694
20,10.0,276.14408685016116
21,10.5,269.71163302128224
22,11.0,262.118853627074
23,11.5,260.6695629483152
24,12.0,251.99300159438823
25,12.5,243.71771055934775
26,13.0,243.4273425815455
27,13.5,233.90957509054445
28,14.0,228.57581002242378
29,14.5,221.84923231405833
30,15.0,217.4902895409972
31,15.5,211.13352604014145
32,16.0,202.2741304688896
33,16.5,196.76189066007154
34,17.0,193.41382538715416
35,17.5,183.09191956977958
36,18.0,181.23611679886992
37,18.5,173.6769837052975
38,19.0,165.6492261334881
39,19.5,159.32638249190205
40,20.0,152.01659857885863
41,20.5,145.75517135963074
42,21.0,143.23125090635946
43,21.5,134.8428327128714
44,22.0,128.37890312913706
45,22.5,118.9221291155559
46,23.0,118.23761755011176
47,23.5,107.5069980736199
48,24.0,101.77064148854306
49,24.5,98.55059777136721
50,25.0,98.04705641904573
51,25.5,89.68524104461699
52,26.0,80.03437335659939
53,26.5,77.72234364531229
54,27.0,74.71445604873607
55,27.5,71.05042207613444
56,28.0,71.30238721671537
57,28.5,61.89428915403993
58,29.0,64.27910281027114
59,29.5,56.375591343817554
60,30.0,57.399688995905876
61,30.5,52.08180730240549
62,31.0,45.16928337220397
63,31.5,42.97399072140669
64,32.0,42.79184665895255
65,32.5,37.06621277541897
66,33.0,37.879995142761494
67,33.5,33.63298834196511
68,34.0,27.46320845643224
69,34.5,30.742577672850352
70,35.0,27.518506967491422
71,35.5,28.20240681391608
72,36.0,21.47893578847581
73,36.5,25.10458568953588
74,37.0,19.150799921777107
75,37.5,19.358979342010716
76,38.0,18.051372928661273
77,38.5,14.806475830387747
78,39.0,19.24414068399599
79,39.5,13.648534857885837
80,40.0,9.821982729131612
81,40.5,14.200838045050645
82,41.0,10.488384558852573
83,41.5,15.5252449458841
84,42.0,10.332844589856748
85,42.5,11.483686475707826
86,43.0,12.99526135716827
87,43.5,9.443012751421616
88,44.0,11.445863946755296
89,44.5,16.983103191988974
90,45.0,10.111521426844686
91,45.5,9.672250971127415
92,46.0,12.870706187637364
93,46.5,14.866216055614611
94,47.0,9.201465017817961
95,47.5,13.2575057279034
96,48.0,9.881584297325201
97,48.5,15.9070280125715
98,49.0,13.390356687516077
99,49.5,9.478335122485142
100,50.0,13.733974523134881
101,50.5,17.154938781179137
102,51.0,10.331194781194807
103,51.5,16.144301419675344
104,52.0,12.846053690798485
105,52.5,10.698668504676336
106,53.0,14.70696336648141
107,53.5,9.884143565963782
108,54.0,18.745400908647408
109,54.5,15.15433189197563
110,55.0,14.030911727802332
111,55.5,12.378423484905147
112,56.0,19.589622275399684
113,56.5,12.071418746832183
114,57.0,17.83023511385508
115,57.5,12.575511658036628
116,58.0,15.659642979883646
117,58.5,12.851062065479606
118,59.0,16.127538698824814
119,59.5,16.35592430272549
120,60.0,14.20432086274016
121,60.5,13.403846186772238
122,61.0,14.150355993540785
123,61.5,20.932862418797747
124,62.0,18.816997236121665
125,62.5,12.263817964197502
126,63.0,11.019203942318201
127,63.5,11.684857455521337
128,64.0,12.141466454722458
129,64.5,16.62892551061266
130,65.0,17.577237175149644
131,65.5,7.9870367336854615
132,66.0,13.560117978699074
133,66.5,10.134929163372664
134,67.0,10.235791612427949
135,67.5,12.612127998432085
136,68.0,6.600472216774201
137,68.5,7.134232201458453
138,69.0,9.067621527401288
139,69.5,10.743818591087162
140,70.0,10.497649112742659
141,70.5,12.362893384025666
142,71.0,6.058856111260094
143,71.5,10.990527042836794
144,72.0,8.428276940101213
145,72.5,5.132385670943435
146,73.0,13.432982489504823
147,73.5,8.498674254047849
148,74.0,4.974192883305154
149,74.5,6.556831402154148
150,75.0,0.19293706294362867
151,75.5,2.826816165943687
152,76.0,2.2244770331065946
153,76.5,13.056065507086682
154,77.0,4.333099746284478
155,77.5,3.3738610438828824
156,78.0,2.4370958258117867
157,78.5,0.4852198949121016
158,79.0,5.089095100730218
159,79.5,5.28249880513472
160,80.0,4.416792977623648
161,80.5,4.29792216060192
162,81.0,4.601850435224428
163,81.5,5.429766652144666
164,82.0,1.3642638785439747
165,82.5,-0.1894623184093991
166,83.0,3.850952187641642
167,83.5,3.706555893342043
168,84.0,6.870577110828075
169,84.5,5.498181003055507
170,85.0,6.8287805713584095
171,85.5,2.485397424987787
172,86.0,4.610158395807585
173,86.5,4.6064671185129935
174,87.0,2.250470144760512
175,87.5,6.067895923445018
176,88.0,4.943039045829531
177,88.5,2.865712199552365
178,89.0,3.960883204587914
179,89.5,4.934015396373342
180,90.0,-1.7308871853360568
181,90.5,6.356962914939549
182,91.0,5.219225954231561
183,91.5,-0.4223440043267406
184,92.0,2.361213986132127
185,92.5,8.279693974745921
186,93.0,6.797258854323414
187,93.5,4.0893779698762
188,94.0,6.0865775453423545
189,94.5,2.6983070645272695
190,95.0,3.9313078589618753
191,95.5,3.3802984007481496
192,96.0,2.5466934501184095
193,96.5,3.832032731606599
194,97.0,0.57110911185746
195,97.5,4.152228601012427
196,98.0,1.2269050181333192
197,98.5,5.4768604201144715
198,99.0,5.02460255292114
199,99.5,3.657482283500241
200,100.0,4.1919972404309025
201,100.5,5.294597129556451
202,101.0,3.4612044864319946
203,101.5,5.1662410525355655
204,102.0,7.896395094048919
205,102.5,4.476824167865268
206,103.0,6.452646116830172
207,103.5,8.537528417061836
208,104.0,1.4445024605428425
209,104.5,3.8434664109783254
210,105.0,6.170518128323576
211,105.5,2.2195179678768553
212,106.0,-0.0693905066085887
213,106.5,2.509911795848876
214,107.0,2.456744354727151
215,107.5,6.325554340096646
216,108.0,6.706253944930955
217,108.5,4.824223852447536
218,109.0,6.281587659561563
219,109.5,1.466870288679334
220,110.0,4.706987828589535
221,110.5,0.45175310034568383
222,111.0,2.186190862611963
223,111.5,-0.1906626695989786
224,112.0,-2.2725936919139835
225,112.5,0.04837609519202113
226,113.0,1.7438811126497118
227,113.5,-2.6355811531524838
228,114.0,1.4417850983349805
229,114.5,3.9489134740589336
230,115.0,1.435947473665425
231,115.5,2.382852955660427
232,116.0,3.344589651233484
233,116.5,-1.5166981825990486
234,117.0,4.166506601818021
235,117.5,0.7814429837042772
236,118.0,3.029901100690096
237,118.5,1.6330653834230295
238,119.0,7.682090950816606
239,119.5,-2.190702300079113
240,120.0,3.3724234934462465
241,120.5,3.875714560136787
242,121.0,4.9784798494542
243,121.5,3.4205399707547954
244,122.0,0.15306811206069826
245,122.5,4.7852739392247035
246,123.0,2.6438020501637087
247,123.5,0.5329629121098056
248,124.0,2.487064124971765
249,124.5,4.23548813120403
250,125.0,4.8756190792965315
251,125.5,0.546903268316119
252,126.0,5.529804438996937
253,126.5,3.1844772596201625
254,127.0,2.4427457206344103
255,127.5,-0.9562313634133148
256,128.0,3.7165868700153437
257,128.5,2.1856538525600495
258,129.0,7.173599383095116
259,129.5,2.4292737941765656
260,130.0,4.799960409950115
261,130.5,9.62640184104083
262,131.0,2.949992243675571
263,131.5,4.732891959153824
264,132.0,8.971921984149263
265,132.5,7.52237730410028
266,133.0,1.9923620905791295
267,133.5,4.293364225854531
268,134.0,-1.1951196125858292
269,134.5,2.9454880996503565
270,135.0,9.824606600320305
271,135.5,11.26419878063043
272,136.0,7.4950063953649435
273,136.5,4.592436913574646
274,137.0,6.003654194112651
275,137.5,5.9013778970857365
276,138.0,8.816454363297774
277,138.5,6.014218890802004
278,139.0,5.439744202663502
279,139.5,4.082096442589439
280,140.0,7.148429714226739
281,140.5,1.319258945219559
282,141.0,7.435669560419237
283,141.5,5.108325339309716
284,142.0,9.510906001757453
285,142.5,7.12367995051857
286,143.0,7.855381979785167
287,143.5,2.7087732917420078
288,144.0,8.501881493917931
289,144.5,4.353248087693484
290,145.0,8.666480188921716
291,145.5,4.156046621919837
292,146.0,7.839075562007501
293,146.5,9.648491990050426
294,147.0,12.440600007001319
295,147.5,7.719630116813617
296,148.0,2.4071360930537757
297,148.5,5.5752636474790025
298,149.0,4.303331923398135
299,149.5,4.941396647774151
300,150.0,6.579098434298216
301,150.5,2.3851866601090097
302,151.0,5.025182697615624
303,151.5,0.1978897333539793
304,152.0,1.1319173694925295
305,152.5,5.507252461550138
306,153.0,3.7268915996613257
307,153.5,7.916504561734385
308,154.0,6.856527342472241
309,154.5,1.5458067483016613
310,155.0,4.754611384055743
311,155.5,3.2431276625412067
312,156.0,6.844868540290002
313,156.5,9.14697606226791
314,157.0,10.53670622894126
315,157.5,12.934961029823963
316,158.0,6.328712269178489
317,158.5,4.163003591192477
318,159.0,4.092458757752745
319,159.5,4.612830470564905
320,160.0,8.3244946890236
321,160.5,7.871723371261397
322,161.0,6.368556227117042
323,161.5,7.860492189840457
324,162.0,4.11174995077954
325,162.5,8.835875021789452
326,163.0,8.408428449499398
327,163.5,5.458407680998354
328,164.0,9.171658716382652
329,164.5,8.262797030631587
330,165.0,10.235846765390601
331,165.5,11.592660626184635
332,166.0,10.956728489159243
333,166.5,10.960564127827075
334,167.0,11.72029515311975
335,167.5,12.871176031400122
336,168.0,3.2223901484708692
337,168.5,8.102142251572008
338,169.0,9.938910978909652
339,169.5,11.91251495376689
340,170.0,9.363024872115774
341,170.5,7.353239310300721
342,171.0,8.597660073714144
343,171.5,9.65070660811107
344,172.0,9.980068673388345
345,172.5,7.308323098949005
346,173.0,12.150679968917213
347,173.5,6.698808543195277
348,174.0,17.16553438005768
349,174.5,12.456435036918082
350,175.0,11.158952709753645
351,175.5,12.586786819067802
352,176.0,10.441838925548174
353,176.5,9.702083662163652
354,177.0,10.013478674430173
355,177.5,12.609101360389333
356,178.0,16.360838432454607
357,178.5,11.519514224187438
358,179.0,11.014328328515884
359,179.5,9.062425186276005
360,180.0,14.934945870240243
