,Theta,Input Phase Function
0,12.5,194.42541845555564
1,13.0,258.9299071336893
2,13.5,168.4421185940597
3,14.0,213.88772253399011
4,14.5,354.2009192427438
5,15.0,260.28084946348247
6,15.5,280.29210560941203
7,16.0,225.91617406767537
8,16.5,151.19168946249647
9,17.0,208.16253380375292
10,17.5,143.2108861951166
11,18.0,106.90423169936324
12,18.5,241.63372074795592
13,19.0,133.68658601165237
14,19.5,131.8809272047688
15,20.0,116.65280594413309
16,20.5,147.37671332574985
17,21.0,99.35829534849591
18,21.5,172.55473909980861
19,22.0,111.54338471232414
20,22.5,98.20849776676253
21,23.0,127.86808156027068
22,23.5,139.06787262355687
23,24.0,62.528781128894906
24,24.5,93.02602356711621
25,25.0,91.86004912706332
26,25.5,87.8833755260464
27,26.0,99.86945639993533
28,26.5,39.98167376409263
29,27.0,44.11843285433788
30,27.5,69.65695321267022
31,28.0,38.92481145806806
32,28.5,66.11923663059382
33,29.0,61.64501069466561
34,29.5,63.42150363121597
35,30.0,62.136440194337176
36,30.5,58.10155166637481
37,31.0,46.1914301427219
38,31.5,47.4765635011296
39,32.0,44.897835259093284
40,32.5,49.54025660081466
41,33.0,47.10520651069046
42,33.5,24.821275068057993
43,34.0,30.75613095565119
44,34.5,30.645723127512547
45,35.0,25.087492128327224
46,35.5,26.23679848729924
47,36.0,8.868103462375993
48,36.5,17.526535645573137
49,37.0,22.23993158898565
50,37.5,16.09560197351189
51,38.0,17.403591083981134
52,38.5,18.160282260646923
53,39.0,21.797032465717194
54,39.5,13.991931038618961
55,40.0,17.22567527095281
56,40.5,13.732730196499812
57,41.0,4.753998603984998
58,41.5,17.55249415755087
59,42.0,14.968337602620004
60,42.5,14.421718555253033
61,43.0,15.312075985808416
62,43.5,12.233242503901426
63,44.0,10.319827755850088
64,44.5,15.831999688733639
65,45.0,9.02987871372039
66,45.5,10.544180742285254
67,46.0,15.474745240335814
68,46.5,12.230784814134246
69,47.0,13.281802800654066
70,47.5,15.579320612354493
71,48.0,13.279409185271211
72,48.5,14.873331402925311
73,49.0,11.624686203500772
74,49.5,15.064111935265245
75,50.0,10.676623228702923
76,50.5,19.43220002236886
77,51.0,11.589744363785371
78,51.5,10.779694114884157
79,52.0,14.315997177434875
80,52.5,17.243057770682807
81,53.0,11.306917981941538
82,53.5,18.167304749223806
83,54.0,16.16542440622232
84,54.5,12.684924390504076
85,55.0,18.050550234329812
86,55.5,12.839955533909874
87,56.0,13.380823899357852
88,56.5,12.965601047550248
89,57.0,20.29433933023592
90,57.5,21.433508268672014
91,58.0,15.398056552477101
92,58.5,21.41446808008312
93,59.0,14.27353411692145
94,59.5,16.284788029480683
95,60.0,9.220375723851086
96,60.5,14.134825530075664
97,61.0,13.536120969445898
98,61.5,23.619127087124706
99,62.0,6.794192484225359
100,62.5,14.735629366946748
101,63.0,15.650077833692798
102,63.5,14.184051651292238
103,64.0,13.467531596912687
104,64.5,13.041593749472012
105,65.0,13.063854600586657
106,65.5,15.408523340536332
107,66.0,12.724864582315854
108,66.5,18.59050913694789
109,67.0,10.092904253578439
110,67.5,9.922821390960063
111,68.0,9.371512219145776
112,68.5,11.469834411632498
113,69.0,11.341184322649656
114,69.5,15.983979470275054
115,70.0,8.522563923880409
116,70.5,13.118382434236194
117,71.0,13.41715233040959
118,71.5,6.61450528760736
119,72.0,13.023520863519632
120,72.5,8.90630315045353
121,73.0,7.5562431105236145
122,73.5,7.582034970107189
123,74.0,6.9991381900414575
124,74.5,9.434444157061373
125,75.0,5.292778652002144
126,75.5,6.07236359696059
127,76.0,5.882592359324975
128,76.5,6.302074194122535
129,77.0,7.085096036496277
130,77.5,3.8357909918680804
131,78.0,7.893375154965593
132,78.5,4.531995981484551
133,79.0,4.302964375151081
134,79.5,3.8892654997415956
135,80.0,3.999045646397528
136,80.5,3.6265262587436267
137,81.0,5.477266698415038
138,81.5,3.1482609453142816
139,82.0,3.1493047237482488
140,82.5,2.7172976760408716
141,83.0,3.7019753984880177
142,83.5,4.995737792381837
143,84.0,3.1068498489468346
144,84.5,5.221721027219175
145,85.0,3.899623233306477
146,85.5,2.3224680362425043
147,86.0,4.6686374272487505
148,86.5,3.6150709086895874
149,87.0,4.690011813655141
150,87.5,4.693070499150656
151,88.0,3.187629514982195
152,88.5,3.197267798047242
153,89.0,3.3444165302577407
154,89.5,4.3895343595305025
155,90.0,3.5471654900073974
156,90.5,3.3278597715548246
157,91.0,4.800811387677121
158,91.5,4.391059364336847
159,92.0,4.936670150666728
160,92.5,3.942771745699985
161,93.0,3.5044197281455407
162,93.5,5.044469401419096
163,94.0,4.695899959384821
164,94.5,3.2568911922638906
165,95.0,4.656554535699218
166,95.5,3.512678899749353
167,96.0,4.569794111487775
168,96.5,4.765172417522146
169,97.0,4.553943481076682
170,97.5,3.6878855154484134
171,98.0,4.0814589422550895
172,98.5,5.063068460881253
173,99.0,4.44783361980372
174,99.5,4.811336674452467
175,100.0,5.570277202224757
176,100.5,3.6468728946987152
177,101.0,3.1867132031076904
178,101.5,2.1209234618730077
179,102.0,4.139696590521273
180,102.5,3.3039378689368677
181,103.0,3.291289368969597
182,103.5,2.9090706535760376
183,104.0,4.088250543734795
184,104.5,2.8458303298136975
185,105.0,4.406567451671048
186,105.5,2.1488696151996804
187,106.0,2.243261834103018
188,106.5,1.836473213314936
189,107.0,3.849987779444954
190,107.5,3.7518262318582023
191,108.0,2.0766175092645476
192,108.5,2.466941454713338
193,109.0,2.5155036710595833
194,109.5,2.847775265111484
195,110.0,2.943903774503074
196,110.5,2.430263824995548
197,111.0,1.6188611990204058
198,111.5,2.456727921615879
199,112.0,1.3047470259462666
200,112.5,2.2781669575394
201,113.0,1.591428663936485
202,113.5,1.3222677095614714
203,114.0,1.6922313575650691
204,114.5,2.0791069185561675
205,115.0,2.836913505236756
206,115.5,1.5281104254462188
207,116.0,2.2914247014715974
208,116.5,1.9897899170440545
209,117.0,2.276794996316772
210,117.5,1.6689077354270918
211,118.0,2.734394751307977
212,118.5,1.564241748457531
213,119.0,1.8815639162118172
214,119.5,2.485169357855844
215,120.0,1.8993607752793475
216,120.5,1.730269341422071
217,121.0,2.484835777471861
218,121.5,2.172187197332393
219,122.0,1.940373228183886
220,122.5,2.84659308274915
221,123.0,2.1868527321485134
222,123.5,2.295501722827943
223,124.0,1.9299668447085958
224,124.5,2.9814836347555467
225,125.0,2.1616644468344584
226,125.5,1.4661959896716192
227,126.0,2.2464703662816516
228,126.5,2.7110238685475645
229,127.0,2.247130514778567
230,127.5,2.681703400477705
231,128.0,1.4415004527078996
232,128.5,3.4623933384195924
233,129.0,1.7531430999172053
234,129.5,4.3728607145117575
235,130.0,2.5287637371946685
236,130.5,5.008630915339884
237,131.0,4.268961726017668
238,131.5,5.998240662628485
239,132.0,3.731885043454395
240,132.5,5.966416372898804
241,133.0,2.558373566152849
242,133.5,6.466907208151314
243,134.0,6.383879313148043
244,134.5,7.373524843127473
245,135.0,6.3641767054154625
246,135.5,3.162096699592806
247,136.0,5.709992071203955
248,136.5,5.462181217555071
249,137.0,6.572166755209396
250,137.5,7.672848452646141
251,138.0,5.488891155631156
252,138.5,8.193775496753565
253,139.0,7.901673994419701
254,139.5,5.610593293357658
255,140.0,4.989317053887891
256,140.5,5.440695749184042
257,141.0,7.095999994857065
258,141.5,8.416768028975287
259,142.0,6.04464569032377
260,142.5,5.115382497459761
261,143.0,7.54817825358627
262,143.5,7.254275195580955
263,144.0,2.618832916994489
264,144.5,4.566148319293125
265,145.0,7.684044679567947
266,145.5,4.96773093959274
267,146.0,3.157444481458495
268,146.5,7.300245570319722
269,147.0,7.510640183729509
270,147.5,8.601651945159645
271,148.0,3.319736536384777
272,148.5,6.5233079691824205
273,149.0,3.5530101698730787
274,149.5,7.041694131329017
275,150.0,5.915669348801446
276,150.5,8.33084534516314
277,151.0,7.065959950682214
278,151.5,4.01992453179197
279,152.0,5.76395153790807
280,152.5,4.6247588458536
281,153.0,5.580016686228671
282,153.5,9.01254958344693
283,154.0,2.6562174863422654
284,154.5,7.133074133597235
285,155.0,6.106140648006548
286,155.5,6.782397835244548
287,156.0,5.244974120695261
288,156.5,3.831069947436646
289,157.0,5.203092252081047
290,157.5,4.266833736572346
291,158.0,5.89047840805052
292,158.5,7.2602419542735666
293,159.0,6.4004257168759064
294,159.5,6.474403578537302
295,160.0,6.3246632073375215
296,160.5,9.35820026129483
297,161.0,4.6565628288434455
298,161.5,6.504370567620564
299,162.0,4.679718762828065
300,162.5,8.390047758487897
301,163.0,8.796492557392902
302,163.5,10.090450047335317
303,164.0,9.51501064902358
304,164.5,6.776653548371186
305,165.0,5.594075505025941
306,165.5,7.922643135707116
307,166.0,8.955695323656329
308,166.5,6.32026955852835
309,167.0,5.772655471717603
310,167.5,9.445258801004448
