,n space,k space,Chi Square Statistic
0,"[1.5  1.51 1.52 1.53 1.54 1.55 1.56 1.57 1.58 1.59 1.6  1.61 1.62 1.63
 1.64 1.65 1.66 1.67 1.68 1.69]",[0. 0. 0. 0. 0. 0. 0. 0. 0. 0. 0. 0. 0. 0. 0. 0. 0. 0. 0. 0.],"[4122.01215283 3998.71512777 3864.41267092 3718.52951792 3575.38127514
 3427.04057774 3288.00014024 3169.15873537 3060.13794573 2973.59658568
 2939.9491501  2995.30408676 3142.0055077  3334.84882377 3567.40614512
 3895.97929076 4284.24143511 4696.44113    5120.04873953 5597.45427678]"
1,"[1.5  1.51 1.52 1.53 1.54 1.55 1.56 1.57 1.58 1.59 1.6  1.61 1.62 1.63
 1.64 1.65 1.66 1.67 1.68 1.69]","[0.01 0.01 0.01 0.01 0.01 0.01 0.01 0.01 0.01 0.01 0.01 0.01 0.01 0.01
 0.01 0.01 0.01 0.01 0.01 0.01]","[3780.79056143 3686.89177071 3583.42251799 3482.19811901 3383.05149683
 3283.06582419 3184.93059121 3097.51910438 3044.80104316 3039.51624885
 3106.45159541 3222.45373591 3371.29262505 3554.82798429 3816.82431382
 4128.52724895 4470.03135948 4816.20327815 5212.03260698 5645.69577603]"
2,"[1.5  1.51 1.52 1.53 1.54 1.55 1.56 1.57 1.58 1.59 1.6  1.61 1.62 1.63
 1.64 1.65 1.66 1.67 1.68 1.69]","[0.02 0.02 0.02 0.02 0.02 0.02 0.02 0.02 0.02 0.02 0.02 0.02 0.02 0.02
 0.02 0.02 0.02 0.02 0.02 0.02]","[3658.70384734 3587.94313084 3513.34906394 3439.15798598 3364.83125216
 3292.74440392 3254.40770162 3237.67367448 3260.00866747 3337.92568123
 3435.83298979 3555.567168   3714.74770181 3936.45680705 4198.13014615
 4486.47605024 4781.9240252  5101.95745479 5466.29362372 5844.11977489]"
3,"[1.5  1.51 1.52 1.53 1.54 1.55 1.56 1.57 1.58 1.59 1.6  1.61 1.62 1.63
 1.64 1.65 1.66 1.67 1.68 1.69]","[0.03 0.03 0.03 0.03 0.03 0.03 0.03 0.03 0.03 0.03 0.03 0.03 0.03 0.03
 0.03 0.03 0.03 0.03 0.03 0.03]","[3638.3043575  3586.5158992  3536.49207105 3498.29676454 3474.16901949
 3465.69144762 3478.70972102 3532.2428451  3596.07323933 3685.71417035
 3786.30478519 3940.05924734 4137.72353598 4364.11650262 4615.22130904
 4875.86975136 5148.18991205 5461.45745831 5792.68492634 6135.11180236]"
4,"[1.5  1.51 1.52 1.53 1.54 1.55 1.56 1.57 1.58 1.59 1.6  1.61 1.62 1.63
 1.64 1.65 1.66 1.67 1.68 1.69]","[0.04 0.04 0.04 0.04 0.04 0.04 0.04 0.04 0.04 0.04 0.04 0.04 0.04 0.04
 0.04 0.04 0.04 0.04 0.04 0.04]","[3748.23962009 3722.28554552 3704.96246059 3702.31202262 3718.30933046
 3748.84496004 3788.80995168 3851.60397007 3927.22358758 4026.21385173
 4174.16308996 4350.85753652 4549.29758127 4770.91115329 5003.64934534
 5243.21771146 5516.49735431 5814.83153202 6120.53506748 6436.8837176 ]"
5,"[1.5  1.51 1.52 1.53 1.54 1.55 1.56 1.57 1.58 1.59 1.6  1.61 1.62 1.63
 1.64 1.65 1.66 1.67 1.68 1.69]","[0.05 0.05 0.05 0.05 0.05 0.05 0.05 0.05 0.05 0.05 0.05 0.05 0.05 0.05
 0.05 0.05 0.05 0.05 0.05 0.05]","[3972.09198982 3964.36837526 3967.07140299 3979.12528117 4006.00728901
 4044.95017231 4095.42241769 4166.50735148 4275.98576237 4407.58666651
 4563.05020122 4736.10345528 4930.38247213 5136.88104469 5349.70422917
 5591.14200028 5858.67264686 6135.89983796 6423.77778015 6718.14310175]"
6,"[1.5  1.51 1.52 1.53 1.54 1.55 1.56 1.57 1.58 1.59 1.6  1.61 1.62 1.63
 1.64 1.65 1.66 1.67 1.68 1.69]","[0.06 0.06 0.06 0.06 0.06 0.06 0.06 0.06 0.06 0.06 0.06 0.06 0.06 0.06
 0.06 0.06 0.06 0.06 0.06 0.06]","[4226.5092358  4226.19350675 4235.19960873 4253.84756438 4290.20533974
 4349.80769345 4427.96303818 4526.28088145 4640.62458501 4772.61850347
 4923.18922047 5091.86434943 5272.71291714 5461.32994211 5674.57255985
 5912.57265393 6163.26200956 6422.80245563 6689.76051119 6965.67928585]"
7,"[1.5  1.51 1.52 1.53 1.54 1.55 1.56 1.57 1.58 1.59 1.6  1.61 1.62 1.63
 1.64 1.65 1.66 1.67 1.68 1.69]","[0.07 0.07 0.07 0.07 0.07 0.07 0.07 0.07 0.07 0.07 0.07 0.07 0.07 0.07
 0.07 0.07 0.07 0.07 0.07 0.07]","[4519.25445031 4524.36509544 4544.16589394 4579.40007851 4629.17568965
 4695.46914267 4775.01299321 4868.46298708 4979.92312057 5108.45159924
 5253.94542679 5410.53988109 5576.28300351 5764.73961511 5977.02121318
 6200.00768948 6432.46598621 6677.62718415 6927.68364629 7181.85889682]"
8,"[1.5  1.51 1.52 1.53 1.54 1.55 1.56 1.57 1.58 1.59 1.6  1.61 1.62 1.63
 1.64 1.65 1.66 1.67 1.68 1.69]","[0.08 0.08 0.08 0.08 0.08 0.08 0.08 0.08 0.08 0.08 0.08 0.08 0.08 0.08
 0.08 0.08 0.08 0.08 0.08 0.08]","[4852.20847177 4857.09984973 4877.05167682 4910.62150172 4957.24374075
 5016.51923047 5093.01788991 5185.69507569 5293.45231108 5416.92950246
 5550.61545163 5696.81067393 5862.45706061 6051.2000799  6247.92157662
 6455.89551328 6676.4706563  6901.14735738 7135.54743107 7369.13110754]"
9,"[1.5  1.51 1.52 1.53 1.54 1.55 1.56 1.57 1.58 1.59 1.6  1.61 1.62 1.63
 1.64 1.65 1.66 1.67 1.68 1.69]","[0.09 0.09 0.09 0.09 0.09 0.09 0.09 0.09 0.09 0.09 0.09 0.09 0.09 0.09
 0.09 0.09 0.09 0.09 0.09 0.09]","[5160.07338693 5164.34877083 5181.16770311 5211.57966952 5257.1876096
 5317.57005948 5390.57261459 5480.8566656  5582.49654061 5694.81712568
 5824.13522798 5971.41076906 6136.10087844 6309.08024246 6492.17099173
 6688.96148217 6892.66837815 7103.4129574  7318.80233399 7533.58296775]"
10,"[1.5  1.51 1.52 1.53 1.54 1.55 1.56 1.57 1.58 1.59 1.6  1.61 1.62 1.63
 1.64 1.65 1.66 1.67 1.68 1.69]","[0.1 0.1 0.1 0.1 0.1 0.1 0.1 0.1 0.1 0.1 0.1 0.1 0.1 0.1 0.1 0.1 0.1 0.1
 0.1 0.1]","[5446.12930324 5449.20773925 5465.58932803 5495.91954568 5538.96958051
 5597.86096832 5668.41674794 5751.51270005 5848.63702227 5961.59351048
 6091.09008447 6232.06346546 6382.42117663 6541.65738429 6715.97999175
 6898.59874965 7086.44051395 7282.87483891 7480.37493262 7677.58447973]"
11,"[1.5  1.51 1.52 1.53 1.54 1.55 1.56 1.57 1.58 1.59 1.6  1.61 1.62 1.63
 1.64 1.65 1.66 1.67 1.68 1.69]","[0.11 0.11 0.11 0.11 0.11 0.11 0.11 0.11 0.11 0.11 0.11 0.11 0.11 0.11
 0.11 0.11 0.11 0.11 0.11 0.11]","[5712.54971992 5716.57116338 5733.60243986 5764.45782153 5807.6288908
 5862.70403757 5931.9740613  6015.26376071 6112.12172175 6219.61076365
 6338.40528865 6467.17507381 6604.42238954 6757.55716194 6919.40790466
 7086.09908087 7262.78790615 7442.54509727 7623.51714851 7804.46268049]"
12,"[1.5  1.51 1.52 1.53 1.54 1.55 1.56 1.57 1.58 1.59 1.6  1.61 1.62 1.63
 1.64 1.65 1.66 1.67 1.68 1.69]","[0.12 0.12 0.12 0.12 0.12 0.12 0.12 0.12 0.12 0.12 0.12 0.12 0.12 0.12
 0.12 0.12 0.12 0.12 0.12 0.12]","[5989.59423246 5991.08470879 6005.96557188 6033.97990832 6074.78751287
 6127.96466883 6193.00502184 6269.32165874 6356.25046091 6454.45884561
 6562.82160597 6680.15658241 6813.42333262 6955.08991233 7102.49537062
 7259.0615869  7420.95334213 7585.33401874 7751.0449431  7916.94864816]"
13,"[1.5  1.51 1.52 1.53 1.54 1.55 1.56 1.57 1.58 1.59 1.6  1.61 1.62 1.63
 1.64 1.65 1.66 1.67 1.68 1.69]","[0.13 0.13 0.13 0.13 0.13 0.13 0.13 0.13 0.13 0.13 0.13 0.13 0.13 0.13
 0.13 0.13 0.13 0.13 0.13 0.13]","[6260.53512464 6259.02690483 6269.95383134 6293.07392678 6328.06957159
 6374.54766629 6432.04071908 6500.00894479 6579.32635999 6668.52192992
 6770.24985724 6883.33318547 7005.0776002  7133.76710478 7271.52077742
 7415.70286296 7563.43157318 7713.63896319 7865.26452462 8017.26492731]"
14,"[1.5  1.51 1.52 1.53 1.54 1.55 1.56 1.57 1.58 1.59 1.6  1.61 1.62 1.63
 1.64 1.65 1.66 1.67 1.68 1.69]","[0.14 0.14 0.14 0.14 0.14 0.14 0.14 0.14 0.14 0.14 0.14 0.14 0.14 0.14
 0.14 0.14 0.14 0.14 0.14 0.14]","[6507.44602723 6503.1867448  6510.48248069 6529.10654704 6558.76338519
 6599.08899964 6649.6521819  6713.01476981 6787.58758892 6871.2720298
 6965.7091828  7068.45690506 7179.14013064 7299.50022433 7426.35226056
 7557.61016498 7692.30050317 7829.44619728 7968.07546059 8107.23040899]"
15,"[1.5  1.51 1.52 1.53 1.54 1.55 1.56 1.57 1.58 1.59 1.6  1.61 1.62 1.63
 1.64 1.65 1.66 1.67 1.68 1.69]","[0.15 0.15 0.15 0.15 0.15 0.15 0.15 0.15 0.15 0.15 0.15 0.15 0.15 0.15
 0.15 0.15 0.15 0.15 0.15 0.15]","[6737.18131868 6729.62399182 6733.36452662 6748.18235964 6773.79076289
 6810.57796555 6858.1922067  6915.45685977 6982.04586638 7059.11371048
 7144.14152133 7237.93983623 7342.0410773  7452.08578522 7567.24059021
 7686.61196687 7809.30015673 7934.41015963 8061.05056232 8188.34117898]"
16,"[1.5  1.51 1.52 1.53 1.54 1.55 1.56 1.57 1.58 1.59 1.6  1.61 1.62 1.63
 1.64 1.65 1.66 1.67 1.68 1.69]","[0.16 0.16 0.16 0.16 0.16 0.16 0.16 0.16 0.16 0.16 0.16 0.16 0.16 0.16
 0.16 0.16 0.16 0.16 0.16 0.16]","[6952.81187925 6942.86360692 6943.42529198 6954.75069224 6976.84969831
 7008.77985561 7050.14945906 7101.39613241 7162.13697604 7230.93398765
 7310.30853639 7397.90823526 7491.87271417 7591.44279593 7695.83353052
 7804.25450556 7915.89496163 8029.91573711 8145.49838388 8261.83348826]"
17,"[1.5  1.51 1.52 1.53 1.54 1.55 1.56 1.57 1.58 1.59 1.6  1.61 1.62 1.63
 1.64 1.65 1.66 1.67 1.68 1.69]","[0.17 0.17 0.17 0.17 0.17 0.17 0.17 0.17 0.17 0.17 0.17 0.17 0.17 0.17
 0.17 0.17 0.17 0.17 0.17 0.17]","[7150.28576285 7138.90683569 7137.43787951 7145.683234   7163.39120384
 7190.5752968  7227.70144034 7273.82148408 7329.65738235 7393.68507362
 7465.71136933 7544.38802241 7629.04940321 7719.00029638 7813.52174663
 7911.87715944 8013.32326064 8117.12759556 8222.51253799 8328.73323773]"
18,"[1.5  1.51 1.52 1.53 1.54 1.55 1.56 1.57 1.58 1.59 1.6  1.61 1.62 1.63
 1.64 1.65 1.66 1.67 1.68 1.69]","[0.18 0.18 0.18 0.18 0.18 0.18 0.18 0.18 0.18 0.18 0.18 0.18 0.18 0.18
 0.18 0.18 0.18 0.18 0.18 0.18]","[7336.11809359 7322.13635663 7317.76862353 7323.469485   7338.76524069
 7363.09553975 7396.10650211 7437.39440971 7486.59785508 7544.03197951
 7608.28489807 7678.77858596 7754.90297239 7836.02085804 7921.47313307
 8010.58421615 8102.66762831 8197.03161248 8293.0109038  8389.89516935]"
19,"[1.5  1.51 1.52 1.53 1.54 1.55 1.56 1.57 1.58 1.59 1.6  1.61 1.62 1.63
 1.64 1.65 1.66 1.67 1.68 1.69]","[0.19 0.19 0.19 0.19 0.19 0.19 0.19 0.19 0.19 0.19 0.19 0.19 0.19 0.19
 0.19 0.19 0.19 0.19 0.19 0.19]","[7511.73272074 7496.38858207 7490.15475384 7492.85230576 7504.25230426
 7524.07685088 7552.00056121 7587.65249978 7631.43380993 7682.17449985
 7739.30543159 7802.29641107 7870.58789821 7943.59542101 8020.71424896
 8101.32425865 8184.79491912 8270.49032123 8357.77417519 8446.03411996]"
