,Theta,Input Phase Function
0,0.0,365.98558092819206
1,0.5,418.8214589882035
2,1.0,374.7663982095259
3,1.5,532.8067003049881
4,2.0,355.0128931237816
5,2.5,316.6451156354021
6,3.0,374.9547580221638
7,3.5,221.73953979404388
8,4.0,261.14386475269134
9,4.5,264.9519606737044
10,5.0,394.8842712538111
11,5.5,311.5768391039321
12,6.0,376.40935478594014
13,6.5,302.69598822638994
14,7.0,212.54541451853774
15,7.5,187.68016687999605
16,8.0,203.0096596587041
17,8.5,295.917809523122
18,9.0,274.39021272605453
19,9.5,301.6075785348183
20,10.0,229.512240054051
21,10.5,252.01773873145433
22,11.0,222.88212433045211
23,11.5,217.42864509801453
24,12.0,146.99587163921302
25,12.5,230.09891609043243
26,13.0,224.1690340388389
27,13.5,257.47666990527586
28,14.0,313.99869161705845
29,14.5,184.85388114749315
30,15.0,317.04075641420116
31,15.5,219.4395422104288
32,16.0,241.59518765320487
33,16.5,195.772408567561
34,17.0,54.32415741517991
35,17.5,138.397101494009
36,18.0,224.04517853168332
37,18.5,151.3018411579377
38,19.0,145.76662830372152
39,19.5,153.16269530881434
40,20.0,145.82965606475497
41,20.5,104.47835261655311
42,21.0,130.7945382920065
43,21.5,160.82269747861784
44,22.0,119.11829511239367
45,22.5,175.81911949704454
46,23.0,136.5958569180822
47,23.5,111.69033635482546
48,24.0,42.28735109100358
49,24.5,56.666229796891656
50,25.0,76.21925713881718
51,25.5,108.76242162723122
52,26.0,80.10189662795949
53,26.5,82.2097392955111
54,27.0,53.18770162155402
55,27.5,41.82345020669496
56,28.0,57.14932478513562
57,28.5,85.14340449845349
58,29.0,60.872188050257925
59,29.5,40.59911780716336
60,30.0,73.14811735662566
61,30.5,34.981274305382755
62,31.0,56.17786769712842
63,31.5,54.839741879321174
64,32.0,18.29500168728281
65,32.5,34.64052526684634
66,33.0,47.08134237930034
67,33.5,48.64960126194232
68,34.0,36.59633319991381
69,34.5,26.91559608713405
70,35.0,29.13767435073269
71,35.5,25.231679232115166
72,36.0,23.535103050306283
73,36.5,25.532482032557976
74,37.0,22.222461785815412
75,37.5,20.906739761000896
76,38.0,17.343528698854996
77,38.5,19.191393026609028
78,39.0,21.398262784808885
79,39.5,18.07645285292928
80,40.0,16.570464169389314
81,40.5,9.888628410268497
82,41.0,11.958686687059673
83,41.5,15.318522740275423
84,42.0,14.131483953167994
85,42.5,15.203912824172498
86,43.0,12.445086660080856
87,43.5,16.448639722779355
88,44.0,12.663263774432927
89,44.5,15.923874289796231
90,45.0,11.917672247978752
91,45.5,10.526502650500523
92,46.0,12.265044887616707
93,46.5,14.333956487845352
94,47.0,11.795303334479772
95,47.5,12.049769088025275
96,48.0,8.559582219378136
97,48.5,15.468630551221718
98,49.0,8.14544140329269
99,49.5,14.795800400657381
100,50.0,9.954159128925934
101,50.5,9.747839118752463
102,51.0,11.876876703563733
103,51.5,8.748673747571228
104,52.0,19.417446941327714
105,52.5,14.976569194466418
106,53.0,15.228352211952771
107,53.5,15.979552049617503
108,54.0,16.181225038732787
109,54.5,16.777943586175272
110,55.0,16.498901777767312
111,55.5,12.848888445883498
112,56.0,11.1685998154589
113,56.5,18.921121557274567
114,57.0,17.114867491809157
115,57.5,12.783007253439337
116,58.0,12.669727964740984
117,58.5,12.403645831766143
118,59.0,26.17474013209652
119,59.5,20.443876800731946
120,60.0,16.477366765729368
121,60.5,11.694224725225425
122,61.0,17.505396599543555
123,61.5,13.246102585029657
124,62.0,15.502603207394383
125,62.5,6.974329458105533
126,63.0,12.637324242967166
127,63.5,9.111359289226332
128,64.0,11.41767339998603
129,64.5,14.965556620857548
130,65.0,9.151342741074853
131,65.5,13.911377124477477
132,66.0,14.227285690757416
133,66.5,11.437592681751372
134,67.0,14.518966086013316
135,67.5,9.447685063952285
136,68.0,17.991125002797705
137,68.5,14.186510847148625
138,69.0,9.877753275680556
139,69.5,8.212254531636752
140,70.0,14.194785905932633
141,70.5,5.3194774913725205
142,71.0,8.116229094884337
143,71.5,6.963542666744828
144,72.0,8.903517128563307
145,72.5,8.87595507312715
146,73.0,8.01093999222302
147,73.5,8.339083609377465
148,74.0,9.444610471848922
149,74.5,8.99333071908051
150,75.0,8.382283169269622
151,75.5,6.4738366679304695
152,76.0,5.62335921969627
153,76.5,4.714558565709501
154,77.0,8.096329624882452
155,77.5,8.42200853309373
156,78.0,5.0184204717775724
157,78.5,4.712176616503249
158,79.0,4.897118734645657
159,79.5,3.7323633190613528
160,80.0,3.9553058533781194
161,80.5,3.198149494134695
162,81.0,4.806405487146698
163,81.5,4.302927180315027
164,82.0,4.149033587930602
165,82.5,6.1031751105309375
166,83.0,5.5285739040308535
167,83.5,4.839236046612109
168,84.0,3.8540635690846456
169,84.5,2.4359239926292977
170,85.0,6.227269129014429
171,85.5,3.1395428569498645
172,86.0,3.751264875850842
173,86.5,3.6439260283907835
174,87.0,2.4936578278518757
175,87.5,4.9207414476486875
176,88.0,4.441581659972976
177,88.5,4.115165852227317
178,89.0,3.26598945914191
179,89.5,5.181171384019272
180,90.0,4.236755495663573
181,90.5,3.369769651847724
182,91.0,4.012154251927683
183,91.5,3.5423770917024218
184,92.0,5.480187694101472
185,92.5,5.815834319818056
186,93.0,4.386376082015434
187,93.5,3.7921805473094263
188,94.0,5.282840793256796
189,94.5,5.70025090450692
190,95.0,6.807445363857106
191,95.5,3.5135637317500534
192,96.0,5.980439212224246
193,96.5,4.550389482738839
194,97.0,5.274908421536
195,97.5,6.3691466121579925
196,98.0,4.532852868053991
197,98.5,4.84086443895594
198,99.0,2.1868224068265407
199,99.5,7.143817659855047
200,100.0,5.412627283858375
201,100.5,4.39748048604769
202,101.0,4.88936854637608
203,101.5,5.1041127191101525
204,102.0,3.8042857010908113
205,102.5,2.6414254245369984
206,103.0,3.43312537015948
207,103.5,3.7918381370978524
208,104.0,4.201965818866405
209,104.5,3.5312371683016344
210,105.0,3.2833511574542253
211,105.5,3.053251699500381
212,106.0,2.477361205154284
213,106.5,4.957681651757061
214,107.0,1.9101206991620172
215,107.5,4.551699901338436
216,108.0,3.8848920737939103
217,108.5,3.0555369737611566
218,109.0,1.8275398094311688
219,109.5,2.5959837650048634
220,110.0,3.2927623406617474
221,110.5,1.5665060858199886
222,111.0,3.100153116055776
223,111.5,3.648765803340247
224,112.0,1.6988558047164468
225,112.5,2.2733692111651562
226,113.0,2.6662594390806644
227,113.5,1.5285530412193395
228,114.0,1.79836309049628
229,114.5,1.6749586118668995
230,115.0,2.2341309717480664
231,115.5,2.425115815308418
232,116.0,1.8812725440979905
233,116.5,1.4031767957624717
234,117.0,1.972398369054678
235,117.5,1.7179209917809004
236,118.0,2.281384437334716
237,118.5,1.7528115800005035
238,119.0,2.2735996679555885
239,119.5,1.4380519996735186
240,120.0,1.3423852070915088
241,120.5,1.7584650433278097
242,121.0,1.9935681911510637
243,121.5,0.5763928276355998
244,122.0,2.5921028209895227
245,122.5,2.419519458347924
246,123.0,1.5894195220186855
247,123.5,1.557407485504151
248,124.0,3.0415064174796878
249,124.5,2.480370035845738
250,125.0,2.5527351359680264
251,125.5,1.9736670303422383
252,126.0,2.2113525200689113
253,126.5,2.184909558562487
254,127.0,2.8516414161030523
255,127.5,3.17228331536042
256,128.0,2.8406524897492327
257,128.5,2.7836896241557647
258,129.0,3.9490754357226305
259,129.5,2.230384588745387
260,130.0,3.3334365074591874
261,130.5,4.495248789262697
262,131.0,4.900086535905278
263,131.5,6.325653605160149
264,132.0,4.9860522500960816
265,132.5,3.6039762470957766
266,133.0,8.217340715771877
267,133.5,3.9994381490847606
268,134.0,6.031304891593348
269,134.5,5.43446560722753
270,135.0,4.849395114364185
271,135.5,5.282873642937989
272,136.0,7.31456861761421
273,136.5,3.910899694899536
274,137.0,6.800919544377418
275,137.5,6.190997785810746
276,138.0,4.5097756961098945
277,138.5,5.377156617795479
278,139.0,6.8724748912345515
279,139.5,5.482672955572101
280,140.0,2.9389406283585955
281,140.5,4.878369680978054
282,141.0,8.648735775242605
283,141.5,6.557457364561614
284,142.0,8.771619148429725
285,142.5,9.666147590418808
286,143.0,8.676882491102083
287,143.5,4.612127625722502
288,144.0,6.873013627617598
289,144.5,5.086502155483121
290,145.0,6.530495646505425
291,145.5,5.304942135375414
292,146.0,5.009890833052825
293,146.5,7.739877452173637
294,147.0,5.463947361763258
295,147.5,4.880466230577274
296,148.0,8.553748207817394
297,148.5,5.432130493462855
298,149.0,4.787312042516721
299,149.5,4.351196934557086
300,150.0,5.905444483330934
301,150.5,5.423142468511359
302,151.0,6.9842899737475825
303,151.5,6.125508723577224
304,152.0,5.97007306596157
305,152.5,5.925522726870023
306,153.0,5.734892250459673
307,153.5,4.8646852790957
308,154.0,5.471388304557795
309,154.5,4.722763185508604
310,155.0,7.953632970247064
311,155.5,5.523165032561567
312,156.0,5.6637460271864235
313,156.5,4.589056564661366
314,157.0,6.389357298101759
315,157.5,3.7574169038476146
316,158.0,8.531052829510104
317,158.5,3.1304468754884325
318,159.0,4.237764217241031
319,159.5,6.639907980454556
320,160.0,7.652212316864655
321,160.5,6.307352665806586
322,161.0,6.62216504337405
323,161.5,5.428836005794025
324,162.0,10.71103286898581
325,162.5,8.917448134859082
326,163.0,5.510152335412715
327,163.5,5.146870485327363
328,164.0,6.944954327323196
329,164.5,5.352510329838918
330,165.0,6.5440819374772285
331,165.5,8.765398706849323
332,166.0,10.007443515975012
333,166.5,7.589426768809534
334,167.0,8.290533487494416
335,167.5,9.774118971760204
336,168.0,7.248404174787838
337,168.5,7.581144516477637
338,169.0,10.107303074101367
339,169.5,7.359985846068369
340,170.0,9.022189108885518
341,170.5,11.670720495723524
342,171.0,10.608418179200104
343,171.5,11.645379474449756
344,172.0,5.77290524210275
345,172.5,13.986374788175596
346,173.0,7.84495065063175
347,173.5,15.49577875886823
348,174.0,14.653879881785192
349,174.5,6.830490135999904
350,175.0,10.165317252340506
351,175.5,12.058823535841986
352,176.0,14.68934366961835
353,176.5,12.009199919767468
354,177.0,6.011009292212578
355,177.5,7.997770790017168
356,178.0,8.702440583896562
357,178.5,11.423165775774168
358,179.0,10.639237240569441
359,179.5,15.499720238294442
360,180.0,15.827039255465287
