,n space,k space,Chi Square Statistic
0,"[1.5  1.51 1.52 1.53 1.54 1.55 1.56 1.57 1.58 1.59 1.6  1.61 1.62 1.63
 1.64 1.65 1.66 1.67 1.68 1.69]",[0. 0. 0. 0. 0. 0. 0. 0. 0. 0. 0. 0. 0. 0. 0. 0. 0. 0. 0. 0.],"[3002.47819677 2938.39416118 2869.05455951 2801.06551145 2741.38033561
 2685.68850409 2645.46857237 2614.8106156  2591.99647977 2570.39526943
 2560.93405979 2557.30738083 2555.55758604 2572.38908968 2612.77486422
 2679.79347982 2796.38217377 2931.22725005 3087.48963739 3257.28560307]"
1,"[1.5  1.51 1.52 1.53 1.54 1.55 1.56 1.57 1.58 1.59 1.6  1.61 1.62 1.63
 1.64 1.65 1.66 1.67 1.68 1.69]","[0.01 0.01 0.01 0.01 0.01 0.01 0.01 0.01 0.01 0.01 0.01 0.01 0.01 0.01
 0.01 0.01 0.01 0.01 0.01 0.01]","[2894.23406266 2844.19367456 2796.19884093 2756.36289463 2717.7903588
 2687.40761278 2657.53338958 2628.07660565 2605.57637844 2592.15507672
 2579.22762413 2573.19367103 2585.87086727 2617.15503906 2666.29574328
 2759.87336948 2875.30670577 3005.20750875 3151.89534495 3306.70689589]"
2,"[1.5  1.51 1.52 1.53 1.54 1.55 1.56 1.57 1.58 1.59 1.6  1.61 1.62 1.63
 1.64 1.65 1.66 1.67 1.68 1.69]","[0.02 0.02 0.02 0.02 0.02 0.02 0.02 0.02 0.02 0.02 0.02 0.02 0.02 0.02
 0.02 0.02 0.02 0.02 0.02 0.02]","[2901.33179443 2865.27953919 2830.22361554 2798.12276747 2766.25641422
 2735.06096676 2709.25025905 2690.56165705 2672.6980238  2657.50243653
 2654.38756364 2667.07382686 2692.3395873  2734.51505196 2811.10866671
 2910.42246794 3019.86930082 3143.73913578 3277.87052917 3422.44742835]"
3,"[1.5  1.51 1.52 1.53 1.54 1.55 1.56 1.57 1.58 1.59 1.6  1.61 1.62 1.63
 1.64 1.65 1.66 1.67 1.68 1.69]","[0.03 0.03 0.03 0.03 0.03 0.03 0.03 0.03 0.03 0.03 0.03 0.03 0.03 0.03
 0.03 0.03 0.03 0.03 0.03 0.03]","[2948.73837604 2916.38832677 2884.15427288 2854.28137757 2827.75212918
 2805.19362058 2785.39822218 2768.17258222 2753.34929156 2755.15461452
 2770.75607739 2793.08371117 2831.35284518 2897.87469892 2984.84867845
 3078.89101427 3185.4718521  3306.22987123 3431.85557037 3567.92018967]"
4,"[1.5  1.51 1.52 1.53 1.54 1.55 1.56 1.57 1.58 1.59 1.6  1.61 1.62 1.63
 1.64 1.65 1.66 1.67 1.68 1.69]","[0.04 0.04 0.04 0.04 0.04 0.04 0.04 0.04 0.04 0.04 0.04 0.04 0.04 0.04
 0.04 0.04 0.04 0.04 0.04 0.04]","[3001.21354717 2974.37582912 2948.08893803 2924.69823897 2903.06766289
 2883.37540699 2866.08565364 2857.86525437 2862.20792535 2877.74245153
 2900.79273084 2934.89123873 2994.8479294  3071.81002769 3154.89889377
 3250.63145357 3356.74264476 3469.39608162 3589.64836448 3716.77037605]"
5,"[1.5  1.51 1.52 1.53 1.54 1.55 1.56 1.57 1.58 1.59 1.6  1.61 1.62 1.63
 1.64 1.65 1.66 1.67 1.68 1.69]","[0.05 0.05 0.05 0.05 0.05 0.05 0.05 0.05 0.05 0.05 0.05 0.05 0.05 0.05
 0.05 0.05 0.05 0.05 0.05 0.05]","[3056.4315908  3035.5152734  3014.85664187 2996.1941377  2978.26991035
 2964.21485678 2963.52334589 2971.77570194 2984.96794845 3008.50023962
 3039.80390293 3094.06794161 3160.8595104  3234.52048472 3319.12179491
 3412.2440083  3515.27868288 3621.58477473 3735.87452395 3855.21182529]"
6,"[1.5  1.51 1.52 1.53 1.54 1.55 1.56 1.57 1.58 1.59 1.6  1.61 1.62 1.63
 1.64 1.65 1.66 1.67 1.68 1.69]","[0.06 0.06 0.06 0.06 0.06 0.06 0.06 0.06 0.06 0.06 0.06 0.06 0.06 0.06
 0.06 0.06 0.06 0.06 0.06 0.06]","[3111.77153522 3094.64384609 3077.90127411 3064.78145556 3064.36080322
 3067.50547556 3076.92990576 3093.35929313 3112.35789126 3146.19192169
 3193.08891887 3250.42498509 3314.83271254 3389.20765761 3470.44687258
 3563.24474937 3658.39563311 3761.49450388 3869.49268855 3979.8552067 ]"
7,"[1.5  1.51 1.52 1.53 1.54 1.55 1.56 1.57 1.58 1.59 1.6  1.61 1.62 1.63
 1.64 1.65 1.66 1.67 1.68 1.69]","[0.07 0.07 0.07 0.07 0.07 0.07 0.07 0.07 0.07 0.07 0.07 0.07 0.07 0.07
 0.07 0.07 0.07 0.07 0.07 0.07]","[3170.37789416 3161.35901297 3158.39976713 3160.73007664 3168.26828758
 3178.6934187  3191.6788152  3212.62848757 3247.0322588  3288.93582937
 3338.80569657 3395.36330911 3461.91060689 3533.39488966 3615.9053566
 3701.70032435 3792.10363854 3888.47209934 3989.82048926 4091.27340969]"
8,"[1.5  1.51 1.52 1.53 1.54 1.55 1.56 1.57 1.58 1.59 1.6  1.61 1.62 1.63
 1.64 1.65 1.66 1.67 1.68 1.69]","[0.08 0.08 0.08 0.08 0.08 0.08 0.08 0.08 0.08 0.08 0.08 0.08 0.08 0.08
 0.08 0.08 0.08 0.08 0.08 0.08]","[3260.26048655 3258.41638772 3260.4464281  3265.16985094 3272.49769325
 3289.49882939 3314.26990055 3343.13245136 3380.42358757 3423.40318956
 3473.4249954  3532.52419658 3595.59305248 3668.3957462  3745.30982974
 3824.22059588 3911.90996531 4001.81019306 4095.6346991  4188.91772847]"
9,"[1.5  1.51 1.52 1.53 1.54 1.55 1.56 1.57 1.58 1.59 1.6  1.61 1.62 1.63
 1.64 1.65 1.66 1.67 1.68 1.69]","[0.09 0.09 0.09 0.09 0.09 0.09 0.09 0.09 0.09 0.09 0.09 0.09 0.09 0.09
 0.09 0.09 0.09 0.09 0.09 0.09]","[3354.13481153 3355.6802013  3363.28469123 3374.99316406 3390.43741857
 3409.51521667 3435.36465128 3466.61417214 3503.29664249 3549.02485495
 3600.11437545 3656.25185005 3720.1875376  3788.41329189 3859.11939938
 3936.52339    4017.14118161 4101.87604285 4188.28987955 4274.27869933]"
10,"[1.5  1.51 1.52 1.53 1.54 1.55 1.56 1.57 1.58 1.59 1.6  1.61 1.62 1.63
 1.64 1.65 1.66 1.67 1.68 1.69]","[0.1 0.1 0.1 0.1 0.1 0.1 0.1 0.1 0.1 0.1 0.1 0.1 0.1 0.1 0.1 0.1 0.1 0.1
 0.1 0.1]","[3464.339475   3467.65749767 3474.58668508 3486.14803725 3502.52804888
 3523.08693174 3548.8688925  3582.82263643 3622.7110061  3666.18938705
 3716.61442588 3772.23763982 3831.81558088 3894.65049252 3962.65739269
 4035.49074695 4110.1688371  4189.44393231 4268.91558729 4348.04158534]"
11,"[1.5  1.51 1.52 1.53 1.54 1.55 1.56 1.57 1.58 1.59 1.6  1.61 1.62 1.63
 1.64 1.65 1.66 1.67 1.68 1.69]","[0.11 0.11 0.11 0.11 0.11 0.11 0.11 0.11 0.11 0.11 0.11 0.11 0.11 0.11
 0.11 0.11 0.11 0.11 0.11 0.11]","[3568.09616761 3572.04120477 3579.68158911 3591.11989282 3609.01669053
 3632.61434742 3661.53713209 3694.26206938 3732.32812542 3776.74295073
 3824.60349432 3876.029359   3931.27565778 3990.93547419 4056.09604034
 4122.91903841 4193.29407153 4266.0703405  4339.07369537 4411.80884114]"
12,"[1.5  1.51 1.52 1.53 1.54 1.55 1.56 1.57 1.58 1.59 1.6  1.61 1.62 1.63
 1.64 1.65 1.66 1.67 1.68 1.69]","[0.12 0.12 0.12 0.12 0.12 0.12 0.12 0.12 0.12 0.12 0.12 0.12 0.12 0.12
 0.12 0.12 0.12 0.12 0.12 0.12]","[3670.80539522 3674.70062135 3683.58787999 3697.16292116 3715.7687517
 3738.25178175 3766.91007218 3800.16286248 3837.12331362 3877.52912785
 3921.18455434 3969.06377341 4021.39955616 4079.11986859 4138.81187348
 4200.35054613 4266.4695448  4333.28963713 4400.35473364 4467.21201314]"
13,"[1.5  1.51 1.52 1.53 1.54 1.55 1.56 1.57 1.58 1.59 1.6  1.61 1.62 1.63
 1.64 1.65 1.66 1.67 1.68 1.69]","[0.13 0.13 0.13 0.13 0.13 0.13 0.13 0.13 0.13 0.13 0.13 0.13 0.13 0.13
 0.13 0.13 0.13 0.13 0.13 0.13]","[3770.55211978 3776.06077622 3785.98970126 3800.27648694 3818.75917383
 3841.27961102 3867.69480267 3897.77599034 3931.29619012 3968.04550711
 4008.96119022 4054.91335497 4105.36049581 4158.02727463 4212.58020245
 4270.58950713 4331.09360511 4392.33544908 4453.95917689 4515.43442604]"
14,"[1.5  1.51 1.52 1.53 1.54 1.55 1.56 1.57 1.58 1.59 1.6  1.61 1.62 1.63
 1.64 1.65 1.66 1.67 1.68 1.69]","[0.14 0.14 0.14 0.14 0.14 0.14 0.14 0.14 0.14 0.14 0.14 0.14 0.14 0.14
 0.14 0.14 0.14 0.14 0.14 0.14]","[3872.43541719 3876.93773652 3885.54420393 3898.15666932 3914.65540285
 3934.90659107 3958.77668198 3986.04455222 4016.50578888 4050.72636397
 4091.29977434 4134.87504238 4180.85759812 4228.92185895 4279.27528093
 4333.67109123 4389.15068349 4445.30856754 4501.75801589 4558.37157209]"
15,"[1.5  1.51 1.52 1.53 1.54 1.55 1.56 1.57 1.58 1.59 1.6  1.61 1.62 1.63
 1.64 1.65 1.66 1.67 1.68 1.69]","[0.15 0.15 0.15 0.15 0.15 0.15 0.15 0.15 0.15 0.15 0.15 0.15 0.15 0.15
 0.15 0.15 0.15 0.15 0.15 0.15]","[3964.79098423 3968.25297896 3975.59360068 3986.67840704 4001.37057561
 4019.53799705 4041.02898151 4065.67265431 4095.70566159 4130.11719697
 4167.32462844 4207.0577667  4249.0309066  4292.94474262 4340.60900869
 4390.30436451 4441.00852123 4492.37274516 4544.06696804 4596.2512492 ]"
16,"[1.5  1.51 1.52 1.53 1.54 1.55 1.56 1.57 1.58 1.59 1.6  1.61 1.62 1.63
 1.64 1.65 1.66 1.67 1.68 1.69]","[0.16 0.16 0.16 0.16 0.16 0.16 0.16 0.16 0.16 0.16 0.16 0.16 0.16 0.16
 0.16 0.16 0.16 0.16 0.16 0.16]","[4048.6508513  4051.207804   4057.31152311 4066.8887946  4079.86513903
 4096.62467286 4117.74699939 4142.4988887  4170.86286428 4202.0605452
 4235.85841264 4272.0189384  4310.28874423 4351.44437679 4395.61702514
 4441.06358857 4487.46754241 4534.50891067 4581.8669035  4629.96141587]"
17,"[1.5  1.51 1.52 1.53 1.54 1.55 1.56 1.57 1.58 1.59 1.6  1.61 1.62 1.63
 1.64 1.65 1.66 1.67 1.68 1.69]","[0.17 0.17 0.17 0.17 0.17 0.17 0.17 0.17 0.17 0.17 0.17 0.17 0.17 0.17
 0.17 0.17 0.17 0.17 0.17 0.17]","[4127.04420204 4128.85307796 4134.27550731 4143.22427965 4155.61155819
 4171.30218027 4190.54363464 4213.31392594 4238.92143759 4267.16581788
 4297.83147553 4330.70070797 4365.89923255 4404.7090891  4445.00613724
 4486.53073438 4528.96584908 4572.01675333 4615.38888049 4659.71573539]"
18,"[1.5  1.51 1.52 1.53 1.54 1.55 1.56 1.57 1.58 1.59 1.6  1.61 1.62 1.63
 1.64 1.65 1.66 1.67 1.68 1.69]","[0.18 0.18 0.18 0.18 0.18 0.18 0.18 0.18 0.18 0.18 0.18 0.18 0.18 0.18
 0.18 0.18 0.18 0.18 0.18 0.18]","[4201.73419951 4202.68695513 4206.99987707 4214.59039452 4225.35938466
 4239.60011085 4257.18611264 4277.60658429 4300.68732506 4326.22210182
 4354.01181193 4383.8485647  4417.53701855 4452.87885484 4489.61857457
 4527.49385911 4566.23752211 4605.57955357 4645.2492282  4686.08296464]"
19,"[1.5  1.51 1.52 1.53 1.54 1.55 1.56 1.57 1.58 1.59 1.6  1.61 1.62 1.63
 1.64 1.65 1.66 1.67 1.68 1.69]","[0.19 0.19 0.19 0.19 0.19 0.19 0.19 0.19 0.19 0.19 0.19 0.19 0.19 0.19
 0.19 0.19 0.19 0.19 0.19 0.19]","[4269.76016349 4269.92375124 4273.21282544 4279.55057068 4289.33033223
 4302.18647612 4317.81973304 4336.0681321  4356.77414829 4379.80068482
 4404.93594109 4433.68128459 4464.28461401 4496.43666281 4529.90224522
 4564.44001768 4599.80424142 4635.7466222  4672.01820316 4709.59723646]"
