,n space,k space,Chi Square Statistic
0,"[1.5  1.51 1.52 1.53 1.54 1.55 1.56 1.57 1.58 1.59 1.6  1.61 1.62 1.63
 1.64 1.65 1.66 1.67 1.68 1.69]",[0. 0. 0. 0. 0. 0. 0. 0. 0. 0. 0. 0. 0. 0. 0. 0. 0. 0. 0. 0.],"[2681.92910866 2571.11099286 2448.64261857 2320.91777161 2182.25580669
 2037.46347967 1898.23133165 1772.46640691 1660.14800819 1561.35250474
 1497.98363455 1462.45392283 1472.80677454 1526.48217104 1602.87609694
 1758.85571771 1956.33438873 2191.81284813 2475.0914364  2781.62901472]"
1,"[1.5  1.51 1.52 1.53 1.54 1.55 1.56 1.57 1.58 1.59 1.6  1.61 1.62 1.63
 1.64 1.65 1.66 1.67 1.68 1.69]","[0.01 0.01 0.01 0.01 0.01 0.01 0.01 0.01 0.01 0.01 0.01 0.01 0.01 0.01
 0.01 0.01 0.01 0.01 0.01 0.01]","[2356.95637998 2259.33688753 2149.67102349 2034.2164706  1917.94225698
 1807.3774065  1705.55409418 1607.17454528 1531.68992209 1480.48288624
 1450.61647914 1462.43063585 1499.12607987 1556.97867975 1682.54679552
 1849.55189311 2036.76762125 2284.78478694 2556.88979154 2833.6117322 ]"
2,"[1.5  1.51 1.52 1.53 1.54 1.55 1.56 1.57 1.58 1.59 1.6  1.61 1.62 1.63
 1.64 1.65 1.66 1.67 1.68 1.69]","[0.02 0.02 0.02 0.02 0.02 0.02 0.02 0.02 0.02 0.02 0.02 0.02 0.02 0.02
 0.02 0.02 0.02 0.02 0.02 0.02]","[2133.03002852 2054.19072759 1973.93077442 1888.35292696 1803.20489432
 1724.0252026  1663.2565318  1611.87660864 1572.76119326 1557.56684337
 1573.04462525 1599.72427766 1644.14586434 1750.96811885 1891.12654987
 2045.13504089 2249.57309748 2478.86112665 2724.64859147 2970.01344008]"
3,"[1.5  1.51 1.52 1.53 1.54 1.55 1.56 1.57 1.58 1.59 1.6  1.61 1.62 1.63
 1.64 1.65 1.66 1.67 1.68 1.69]","[0.03 0.03 0.03 0.03 0.03 0.03 0.03 0.03 0.03 0.03 0.03 0.03 0.03 0.03
 0.03 0.03 0.03 0.03 0.03 0.03]","[2022.03337997 1965.7852657  1914.26726674 1862.41165159 1812.33157798
 1764.92483125 1729.51299879 1708.30976892 1708.77816916 1720.85096173
 1744.48525259 1784.90776827 1881.41583666 2001.59713713 2133.71170764
 2304.00754569 2502.49100347 2722.96125477 2944.25834417 3163.04241713]"
4,"[1.5  1.51 1.52 1.53 1.54 1.55 1.56 1.57 1.58 1.59 1.6  1.61 1.62 1.63
 1.64 1.65 1.66 1.67 1.68 1.69]","[0.04 0.04 0.04 0.04 0.04 0.04 0.04 0.04 0.04 0.04 0.04 0.04 0.04 0.04
 0.04 0.04 0.04 0.04 0.04 0.04]","[2025.10364684 1985.88414038 1949.47224253 1918.02289209 1893.68605532
 1872.35862423 1866.78000907 1867.73580511 1878.52892896 1900.05748463
 1944.5651833  2031.75286377 2135.94181292 2251.54955743 2394.39246404
 2571.68027296 2764.47497691 2965.52605559 3165.9671064  3365.02039419]"
5,"[1.5  1.51 1.52 1.53 1.54 1.55 1.56 1.57 1.58 1.59 1.6  1.61 1.62 1.63
 1.64 1.65 1.66 1.67 1.68 1.69]","[0.05 0.05 0.05 0.05 0.05 0.05 0.05 0.05 0.05 0.05 0.05 0.05 0.05 0.05
 0.05 0.05 0.05 0.05 0.05 0.05]","[2090.31418758 2066.33895846 2046.26271243 2031.46114906 2020.6454382
 2015.08126508 2020.75794661 2033.05108208 2058.07039447 2107.14354223
 2186.40183798 2276.16897048 2377.76566379 2500.56641545 2657.94374849
 2825.40882318 3008.56207202 3192.96536264 3377.26563561 3560.08626021]"
6,"[1.5  1.51 1.52 1.53 1.54 1.55 1.56 1.57 1.58 1.59 1.6  1.61 1.62 1.63
 1.64 1.65 1.66 1.67 1.68 1.69]","[0.06 0.06 0.06 0.06 0.06 0.06 0.06 0.06 0.06 0.06 0.06 0.06 0.06 0.06
 0.06 0.06 0.06 0.06 0.06 0.06]","[2194.80130885 2178.2934242  2166.86847853 2160.4283374  2160.32218295
 2168.32586917 2183.97152189 2214.84313823 2263.98891439 2333.74055503
 2410.84749677 2499.64649227 2607.1056468  2746.54088248 2892.50987935
 3056.72688818 3224.93189612 3394.38260698 3563.8670552  3732.21405247]"
7,"[1.5  1.51 1.52 1.53 1.54 1.55 1.56 1.57 1.58 1.59 1.6  1.61 1.62 1.63
 1.64 1.65 1.66 1.67 1.68 1.69]","[0.07 0.07 0.07 0.07 0.07 0.07 0.07 0.07 0.07 0.07 0.07 0.07 0.07 0.07
 0.07 0.07 0.07 0.07 0.07 0.07]","[2318.73310892 2308.89383437 2304.89557091 2308.19289934 2318.0825043
 2337.15640792 2365.45220428 2414.37961199 2473.30404717 2539.53175488
 2616.0163061  2712.24716555 2835.49990009 2964.20310701 3107.5186769
 3259.4588889  3413.74785611 3569.27449597 3724.99690586 3879.82105388]"
8,"[1.5  1.51 1.52 1.53 1.54 1.55 1.56 1.57 1.58 1.59 1.6  1.61 1.62 1.63
 1.64 1.65 1.66 1.67 1.68 1.69]","[0.08 0.08 0.08 0.08 0.08 0.08 0.08 0.08 0.08 0.08 0.08 0.08 0.08 0.08
 0.08 0.08 0.08 0.08 0.08 0.08]","[2467.84541513 2462.73635851 2463.04106655 2469.67264438 2487.26121721
 2517.99993836 2557.86962119 2606.0159398  2662.67171208 2727.35467528
 2817.71861069 2925.04504082 3038.0582066  3161.71492866 3297.82950331
 3437.1989537  3578.82134418 3721.68834523 3864.79669108 4007.15950655]"
9,"[1.5  1.51 1.52 1.53 1.54 1.55 1.56 1.57 1.58 1.59 1.6  1.61 1.62 1.63
 1.64 1.65 1.66 1.67 1.68 1.69]","[0.09 0.09 0.09 0.09 0.09 0.09 0.09 0.09 0.09 0.09 0.09 0.09 0.09 0.09
 0.09 0.09 0.09 0.09 0.09 0.09]","[2619.64675256 2618.78351047 2625.3669372  2640.78458311 2663.9045006
 2695.56520749 2734.41740426 2781.80025725 2840.39208171 2924.18412985
 3016.19366735 3114.19708185 3220.58092265 3340.86946484 3465.57048953
 3593.33899526 3723.26460957 3854.4305872  3985.92374249 4116.844304  ]"
10,"[1.5  1.51 1.52 1.53 1.54 1.55 1.56 1.57 1.58 1.59 1.6  1.61 1.62 1.63
 1.64 1.65 1.66 1.67 1.68 1.69]","[0.1 0.1 0.1 0.1 0.1 0.1 0.1 0.1 0.1 0.1 0.1 0.1 0.1 0.1 0.1 0.1 0.1 0.1
 0.1 0.1]","[2776.89634844 2779.25364705 2787.99875467 2804.42047342 2828.480086
 2859.91439523 2901.51543771 2961.31500795 3032.22533902 3109.87435154
 3193.69511316 3285.00133788 3389.76449244 3500.09409009 3614.21450069
 3731.23290734 3850.32075099 3970.64328017 4091.53583347 4212.22252922]"
11,"[1.5  1.51 1.52 1.53 1.54 1.55 1.56 1.57 1.58 1.59 1.6  1.61 1.62 1.63
 1.64 1.65 1.66 1.67 1.68 1.69]","[0.11 0.11 0.11 0.11 0.11 0.11 0.11 0.11 0.11 0.11 0.11 0.11 0.11 0.11
 0.11 0.11 0.11 0.11 0.11 0.11]","[2927.68691197 2932.67560233 2944.42894707 2962.8411285  2993.82765535
 3033.51028035 3083.55060001 3141.24659785 3205.6577575  3276.30741663
 3354.57389189 3444.76205939 3541.43259211 3642.30794749 3746.66677881
 3853.76724766 3962.85414235 4073.46757055 4184.60595273 4295.43699608]"
12,"[1.5  1.51 1.52 1.53 1.54 1.55 1.56 1.57 1.58 1.59 1.6  1.61 1.62 1.63
 1.64 1.65 1.66 1.67 1.68 1.69]","[0.12 0.12 0.12 0.12 0.12 0.12 0.12 0.12 0.12 0.12 0.12 0.12 0.12 0.12
 0.12 0.12 0.12 0.12 0.12 0.12]","[3095.46363293 3101.4328784  3114.98919827 3136.86557723 3167.01291447
 3205.57752231 3251.13836181 3303.31919094 3361.7224237  3428.22177227
 3505.30469248 3588.98764279 3677.2305023  3769.39831926 3864.83192403
 3962.8598933  4063.15117392 4164.62875446 4266.59638197 4368.36548443]"
13,"[1.5  1.51 1.52 1.53 1.54 1.55 1.56 1.57 1.58 1.59 1.6  1.61 1.62 1.63
 1.64 1.65 1.66 1.67 1.68 1.69]","[0.13 0.13 0.13 0.13 0.13 0.13 0.13 0.13 0.13 0.13 0.13 0.13 0.13 0.13
 0.13 0.13 0.13 0.13 0.13 0.13]","[3261.3510101  3266.63378324 3279.20973187 3299.44876887 3327.16659563
 3361.6406655  3402.58306445 3450.11117036 3505.63064168 3571.06385746
 3642.4876715  3718.7163884  3799.19496755 3883.34193054 3970.60595748
 4060.62194762 4152.43881417 4245.41881546 4338.92484555 4432.32627117]"
14,"[1.5  1.51 1.52 1.53 1.54 1.55 1.56 1.57 1.58 1.59 1.6  1.61 1.62 1.63
 1.64 1.65 1.66 1.67 1.68 1.69]","[0.14 0.14 0.14 0.14 0.14 0.14 0.14 0.14 0.14 0.14 0.14 0.14 0.14 0.14
 0.14 0.14 0.14 0.14 0.14 0.14]","[3415.06437335 3418.90008122 3430.10096561 3447.99619564 3472.39370267
 3503.06342097 3541.73525703 3587.02753147 3641.54905975 3701.47836456
 3766.36459795 3835.72594602 3909.05304328 3985.88182896 4065.86549854
 4148.15048494 4232.15770102 4317.3032114  4403.00339282 4488.68009452]"
15,"[1.5  1.51 1.52 1.53 1.54 1.55 1.56 1.57 1.58 1.59 1.6  1.61 1.62 1.63
 1.64 1.65 1.66 1.67 1.68 1.69]","[0.15 0.15 0.15 0.15 0.15 0.15 0.15 0.15 0.15 0.15 0.15 0.15 0.15 0.15
 0.15 0.15 0.15 0.15 0.15 0.15]","[3555.91913901 3558.62198065 3567.68976911 3583.67042965 3606.45638229
 3635.27770137 3672.36627701 3716.16834714 3765.38577135 3819.63398051
 3878.49783458 3941.53431708 4008.34218514 4078.62710554 4151.61193867
 4226.7749829  4303.58552538 4381.50833637 4460.00824527 4538.55471773]"
16,"[1.5  1.51 1.52 1.53 1.54 1.55 1.56 1.57 1.58 1.59 1.6  1.61 1.62 1.63
 1.64 1.65 1.66 1.67 1.68 1.69]","[0.16 0.16 0.16 0.16 0.16 0.16 0.16 0.16 0.16 0.16 0.16 0.16 0.16 0.16
 0.16 0.16 0.16 0.16 0.16 0.16]","[3686.52649217 3688.38363664 3696.37887673 3710.36986944 3732.07282653
 3760.343674   3794.27199606 3833.56441246 3877.89600387 3926.91207526
 3980.23027715 4037.49447187 4098.48311997 4162.48023751 4229.019283
 4297.62163141 4367.8004425  4439.064663   4510.92309796 4582.88848338]"
17,"[1.5  1.51 1.52 1.53 1.54 1.55 1.56 1.57 1.58 1.59 1.6  1.61 1.62 1.63
 1.64 1.65 1.66 1.67 1.68 1.69]","[0.17 0.17 0.17 0.17 0.17 0.17 0.17 0.17 0.17 0.17 0.17 0.17 0.17 0.17
 0.17 0.17 0.17 0.17 0.17 0.17]","[3808.16840168 3809.49052972 3817.25953273 3830.92220302 3850.30046435
 3875.18426106 3905.33236316 3940.47344259 3980.30743929 4024.50722949
 4072.74943037 4124.89513824 4180.27887049 4238.48641417 4299.0892824
 4361.64801366 4425.71563405 4490.84123277 4556.573596   4622.46484176]"
18,"[1.5  1.51 1.52 1.53 1.54 1.55 1.56 1.57 1.58 1.59 1.6  1.61 1.62 1.63
 1.64 1.65 1.66 1.67 1.68 1.69]","[0.18 0.18 0.18 0.18 0.18 0.18 0.18 0.18 0.18 0.18 0.18 0.18 0.18 0.18
 0.18 0.18 0.18 0.18 0.18 0.18]","[3924.19140751 3924.41312559 3930.25470381 3941.58091976 3958.22654255
 3979.99692662 4006.66882821 4037.99146194 4073.68781133 4113.45912924
 4157.25116447 4204.44190959 4254.66630175 4307.54351505 4362.67975462
 4419.67122655 4478.10724609 4537.57344146 4597.65500707 4657.93995713]"
19,"[1.5  1.51 1.52 1.53 1.54 1.55 1.56 1.57 1.58 1.59 1.6  1.61 1.62 1.63
 1.64 1.65 1.66 1.67 1.68 1.69]","[0.19 0.19 0.19 0.19 0.19 0.19 0.19 0.19 0.19 0.19 0.19 0.19 0.19 0.19
 0.19 0.19 0.19 0.19 0.19 0.19]","[4030.6193742  4029.4680405  4033.54814239 4042.73429794 4056.87343047
 4075.78538068 4099.2637191  4127.07677238 4158.96887296 4194.89688762
 4234.34789172 4276.97935605 4322.45532602 4370.42549817 4420.52775078
 4472.39082428 4525.63711905 4579.88557451 4634.75458956 4689.86494316]"
