,n space,k space,Chi Square Statistic
0,"[1.5  1.51 1.52 1.53 1.54 1.55 1.56 1.57 1.58 1.59 1.6  1.61 1.62 1.63
 1.64 1.65 1.66 1.67 1.68 1.69]",[0. 0. 0. 0. 0. 0. 0. 0. 0. 0. 0. 0. 0. 0. 0. 0. 0. 0. 0. 0.],"[4053.56298809 3953.11253053 3842.91966466 3725.96651806 3614.06640712
 3522.76507519 3438.50271092 3412.16207417 3428.78004067 3481.60603567
 3573.24441762 3712.71980529 3905.89023465 4130.77269292 4387.668689
 4696.40132412 5041.27417156 5443.04018402 5910.34373199 6427.07280597]"
1,"[1.5  1.51 1.52 1.53 1.54 1.55 1.56 1.57 1.58 1.59 1.6  1.61 1.62 1.63
 1.64 1.65 1.66 1.67 1.68 1.69]","[0.01 0.01 0.01 0.01 0.01 0.01 0.01 0.01 0.01 0.01 0.01 0.01 0.01 0.01
 0.01 0.01 0.01 0.01 0.01 0.01]","[3869.82468959 3790.34110554 3710.63816315 3639.88742962 3589.48558798
 3554.8415044  3552.34847225 3567.78909403 3606.78151118 3681.12579021
 3797.33420445 3946.18781354 4128.42656082 4336.93171481 4587.58229094
 4868.99293262 5201.23698741 5591.65118388 6027.57540578 6499.89329449]"
2,"[1.5  1.51 1.52 1.53 1.54 1.55 1.56 1.57 1.58 1.59 1.6  1.61 1.62 1.63
 1.64 1.65 1.66 1.67 1.68 1.69]","[0.02 0.02 0.02 0.02 0.02 0.02 0.02 0.02 0.02 0.02 0.02 0.02 0.02 0.02
 0.02 0.02 0.02 0.02 0.02 0.02]","[3934.10323121 3878.08860738 3833.13495768 3800.82875737 3777.63663625
 3771.9330405  3790.10041282 3834.16022766 3902.67203548 4009.8285634
 4133.70322424 4289.06504567 4461.66965139 4672.25703948 4905.4176404
 5175.55970632 5495.11366348 5860.46975353 6265.44192406 6677.07954998]"
3,"[1.5  1.51 1.52 1.53 1.54 1.55 1.56 1.57 1.58 1.59 1.6  1.61 1.62 1.63
 1.64 1.65 1.66 1.67 1.68 1.69]","[0.03 0.03 0.03 0.03 0.03 0.03 0.03 0.03 0.03 0.03 0.03 0.03 0.03 0.03
 0.03 0.03 0.03 0.03 0.03 0.03]","[4108.41139929 4069.24882994 4042.01576928 4032.73407892 4040.35786153
 4059.04001667 4097.5696056  4167.86132675 4253.75548793 4362.65914857
 4493.96492637 4643.55460256 4829.3922317  5033.13319567 5268.49376052
 5539.99947899 5853.83285914 6199.79036812 6562.5734444  6926.3108767 ]"
4,"[1.5  1.51 1.52 1.53 1.54 1.55 1.56 1.57 1.58 1.59 1.6  1.61 1.62 1.63
 1.64 1.65 1.66 1.67 1.68 1.69]","[0.04 0.04 0.04 0.04 0.04 0.04 0.04 0.04 0.04 0.04 0.04 0.04 0.04 0.04
 0.04 0.04 0.04 0.04 0.04 0.04]","[4336.60070056 4319.12982548 4313.34172151 4318.37416135 4339.46758838
 4380.21387408 4436.30473464 4507.09242034 4602.56927354 4711.84607844
 4843.8255176  5009.55307363 5187.02738253 5395.53200118 5635.30400212
 5914.37109141 6216.24122358 6545.03155397 6875.52894147 7207.36742909]"
5,"[1.5  1.51 1.52 1.53 1.54 1.55 1.56 1.57 1.58 1.59 1.6  1.61 1.62 1.63
 1.64 1.65 1.66 1.67 1.68 1.69]","[0.05 0.05 0.05 0.05 0.05 0.05 0.05 0.05 0.05 0.05 0.05 0.05 0.05 0.05
 0.05 0.05 0.05 0.05 0.05 0.05]","[4605.43200173 4595.66022117 4601.38326407 4618.36900115 4649.0245935
 4692.38246149 4756.40356503 4835.7019059  4929.80443352 5052.7216535
 5197.0249654  5354.71126687 5538.80042174 5752.02521582 5999.92185246
 6266.05055215 6559.94218152 6861.43355016 7164.90822057 7470.89123391]"
6,"[1.5  1.51 1.52 1.53 1.54 1.55 1.56 1.57 1.58 1.59 1.6  1.61 1.62 1.63
 1.64 1.65 1.66 1.67 1.68 1.69]","[0.06 0.06 0.06 0.06 0.06 0.06 0.06 0.06 0.06 0.06 0.06 0.06 0.06 0.06
 0.06 0.06 0.06 0.06 0.06 0.06]","[4875.15126149 4872.82512438 4882.15074809 4904.0298851  4941.83546089
 4993.02770158 5056.91074132 5147.21677363 5258.06279194 5380.37263541
 5522.69991465 5684.73693544 5875.3358893  6096.99122454 6334.22777822
 6594.51504013 6869.00167389 7146.76330431 7426.85347904 7707.48802917]"
7,"[1.5  1.51 1.52 1.53 1.54 1.55 1.56 1.57 1.58 1.59 1.6  1.61 1.62 1.63
 1.64 1.65 1.66 1.67 1.68 1.69]","[0.07 0.07 0.07 0.07 0.07 0.07 0.07 0.07 0.07 0.07 0.07 0.07 0.07 0.07
 0.07 0.07 0.07 0.07 0.07 0.07]","[5138.38316567 5140.11585052 5154.01825366 5182.95700734 5226.69085952
 5289.00845005 5366.72202152 5458.25606074 5567.87354297 5692.43011662
 5835.98897011 6007.23429997 6203.01628725 6413.92866338 6644.43433109
 6891.25443434 7143.11238009 7398.53193061 7657.47027374 7915.58941522]"
8,"[1.5  1.51 1.52 1.53 1.54 1.55 1.56 1.57 1.58 1.59 1.6  1.61 1.62 1.63
 1.64 1.65 1.66 1.67 1.68 1.69]","[0.08 0.08 0.08 0.08 0.08 0.08 0.08 0.08 0.08 0.08 0.08 0.08 0.08 0.08
 0.08 0.08 0.08 0.08 0.08 0.08]","[5411.15473344 5416.51099851 5437.08209386 5472.00767849 5522.20301346
 5587.29318327 5664.77042612 5755.99588967 5863.88064926 5992.79952943
 6147.78532391 6317.02173815 6503.9892216  6708.63333555 6927.76390542
 7154.07124374 7385.9254943  7620.72900605 7859.20000307 8096.46188086]"
9,"[1.5  1.51 1.52 1.53 1.54 1.55 1.56 1.57 1.58 1.59 1.6  1.61 1.62 1.63
 1.64 1.65 1.66 1.67 1.68 1.69]","[0.09 0.09 0.09 0.09 0.09 0.09 0.09 0.09 0.09 0.09 0.09 0.09 0.09 0.09
 0.09 0.09 0.09 0.09 0.09 0.09]","[5703.42458965 5711.11654185 5731.17440666 5764.85015362 5811.04240207
 5873.44756658 5952.1278547  6045.928679   6162.59815006 6296.1947761
 6444.30472307 6608.13977414 6787.33624712 6980.00327919 7181.20003039
 7388.56435467 7600.66475895 7817.09742081 8035.88438163 8253.94361498]"
10,"[1.5  1.51 1.52 1.53 1.54 1.55 1.56 1.57 1.58 1.59 1.6  1.61 1.62 1.63
 1.64 1.65 1.66 1.67 1.68 1.69]","[0.1 0.1 0.1 0.1 0.1 0.1 0.1 0.1 0.1 0.1 0.1 0.1 0.1 0.1 0.1 0.1 0.1 0.1
 0.1 0.1]","[5990.40661304 5997.84486245 6018.27649867 6052.91116726 6101.5175622
 6166.56848921 6248.09278031 6344.35734531 6456.79666625 6583.24461059
 6726.10350081 6879.88457425 7048.00123997 7224.9149489  7408.47233889
 7598.75731608 7792.81741386 7992.22214314 8192.87846219 8393.36738361]"
11,"[1.5  1.51 1.52 1.53 1.54 1.55 1.56 1.57 1.58 1.59 1.6  1.61 1.62 1.63
 1.64 1.65 1.66 1.67 1.68 1.69]","[0.11 0.11 0.11 0.11 0.11 0.11 0.11 0.11 0.11 0.11 0.11 0.11 0.11 0.11
 0.11 0.11 0.11 0.11 0.11 0.11]","[6290.10764091 6295.67672506 6315.50178321 6349.54909912 6397.83753907
 6460.90229163 6539.29137932 6631.05892989 6738.61816135 6857.68903383
 6988.28339429 7132.90340011 7286.3240726  7447.23896771 7615.25170611
 7788.86743793 7967.02699208 8149.81663314 8333.71144309 8517.44652325]"
12,"[1.5  1.51 1.52 1.53 1.54 1.55 1.56 1.57 1.58 1.59 1.6  1.61 1.62 1.63
 1.64 1.65 1.66 1.67 1.68 1.69]","[0.12 0.12 0.12 0.12 0.12 0.12 0.12 0.12 0.12 0.12 0.12 0.12 0.12 0.12
 0.12 0.12 0.12 0.12 0.12 0.12]","[6591.266526   6593.37282853 6609.92042116 6640.63228603 6685.77541861
 6745.76363346 6818.63707883 6903.75013492 7000.3735916  7111.00462318
 7232.63312139 7363.44836025 7502.41462548 7648.61140096 7802.03328781
 7960.27103001 8124.00530317 8291.15208112 8459.55483634 8628.06000468]"
13,"[1.5  1.51 1.52 1.53 1.54 1.55 1.56 1.57 1.58 1.59 1.6  1.61 1.62 1.63
 1.64 1.65 1.66 1.67 1.68 1.69]","[0.13 0.13 0.13 0.13 0.13 0.13 0.13 0.13 0.13 0.13 0.13 0.13 0.13 0.13
 0.13 0.13 0.13 0.13 0.13 0.13]","[6880.55298614 6879.35920591 6891.5772265  6918.49744805 6958.56206753
 7011.10697796 7075.6165174  7154.46586445 7244.42370622 7344.6923275
 7454.43906264 7572.77155434 7698.7457941  7832.18664935 7971.72749
 8116.01931044 8266.27808996 8418.96959271 8573.04290253 8727.42327355]"
14,"[1.5  1.51 1.52 1.53 1.54 1.55 1.56 1.57 1.58 1.59 1.6  1.61 1.62 1.63
 1.64 1.65 1.66 1.67 1.68 1.69]","[0.14 0.14 0.14 0.14 0.14 0.14 0.14 0.14 0.14 0.14 0.14 0.14 0.14 0.14
 0.14 0.14 0.14 0.14 0.14 0.14]","[7144.32394725 7141.11472792 7151.36088049 7174.55355729 7210.16986589
 7257.7919219  7316.9263857  7387.00684588 7467.39719463 7557.39600568
 7656.24189058 7763.11977482 7877.3600416  7998.86608238 8125.70575117
 8258.03964421 8395.03629576 8534.46997    8675.34408914 8816.67418021]"
15,"[1.5  1.51 1.52 1.53 1.54 1.55 1.56 1.57 1.58 1.59 1.6  1.61 1.62 1.63
 1.64 1.65 1.66 1.67 1.68 1.69]","[0.15 0.15 0.15 0.15 0.15 0.15 0.15 0.15 0.15 0.15 0.15 0.15 0.15 0.15
 0.15 0.15 0.15 0.15 0.15 0.15]","[7394.9974289  7389.41328399 7395.94275175 7414.34010249 7444.28890052
 7485.40276755 7537.2269008  7599.24040015 7670.85943556 7751.44126011
 7840.28904636 7936.65749619 8040.52421779 8150.63661884 8265.80358728
 8387.12472449 8511.94968378 8639.15736534 8767.8441603  8897.14393005]"
16,"[1.5  1.51 1.52 1.53 1.54 1.55 1.56 1.57 1.58 1.59 1.6  1.61 1.62 1.63
 1.64 1.65 1.66 1.67 1.68 1.69]","[0.16 0.16 0.16 0.16 0.16 0.16 0.16 0.16 0.16 0.16 0.16 0.16 0.16 0.16
 0.16 0.16 0.16 0.16 0.16 0.16]","[7624.90087254 7616.61215288 7619.59252135 7633.61367741 7658.38264805
 7693.54268723 7738.67482913 7793.30013567 7856.88266048 7928.83313062
 8008.51332536 8095.48379249 8189.55695399 8289.20541187 8394.36652631
 8504.81144768 8618.43238327 8734.39729915 8851.87653774 8970.04970891]"
17,"[1.5  1.51 1.52 1.53 1.54 1.55 1.56 1.57 1.58 1.59 1.6  1.61 1.62 1.63
 1.64 1.65 1.66 1.67 1.68 1.69]","[0.17 0.17 0.17 0.17 0.17 0.17 0.17 0.17 0.17 0.17 0.17 0.17 0.17 0.17
 0.17 0.17 0.17 0.17 0.17 0.17]","[7835.33191136 7824.60345596 7824.36357019 7834.40078959 7854.44439837
 7884.16541238 7923.17813186 7971.04229363 8027.2658381  8091.30828913
 8162.58472754 8241.21747132 8325.99550543 8416.03436138 8512.17691016
 8612.42223515 8715.73023748 8821.33721971 8928.48078969 9036.40601659]"
18,"[1.5  1.51 1.52 1.53 1.54 1.55 1.56 1.57 1.58 1.59 1.6  1.61 1.62 1.63
 1.64 1.65 1.66 1.67 1.68 1.69]","[0.18 0.18 0.18 0.18 0.18 0.18 0.18 0.18 0.18 0.18 0.18 0.18 0.18 0.18
 0.18 0.18 0.18 0.18 0.18 0.18]","[8028.13741934 8015.21838481 8012.06599132 8018.48488336 8034.22534136
 8058.98430902 8092.40691977 8134.08854396 8183.57736668 8240.37749198
 8304.27334507 8374.91849413 8451.16658488 8533.00286361 8620.22067074
 8711.08555964 8804.90117138 8900.96595265 8998.57880158 9097.04458427]"
19,"[1.5  1.51 1.52 1.53 1.54 1.55 1.56 1.57 1.58 1.59 1.6  1.61 1.62 1.63
 1.64 1.65 1.66 1.67 1.68 1.69]","[0.19 0.19 0.19 0.19 0.19 0.19 0.19 0.19 0.19 0.19 0.19 0.19 0.19 0.19
 0.19 0.19 0.19 0.19 0.19 0.19]","[8204.95540793 8190.07882939 8184.30067226 8187.44088061 8199.26945335
 8219.50748693 8247.82865739 8283.86115731 8327.19009305 8377.36033692
 8434.65155026 8497.79867699 8566.22008805 8640.77253636 8719.53038889
 8801.76855922 8886.84739618 8974.12195922 9062.94708019 9152.68232092]"
