,Theta,Input Phase Function
0,0.0,338.32534328672995
1,0.5,336.23490566300507
2,1.0,330.91353061634527
3,1.5,334.457333824438
4,2.0,331.7525800699587
5,2.5,325.8826435531718
6,3.0,328.7762596522542
7,3.5,327.1684597576469
8,4.0,327.2515942283442
9,4.5,326.0160174897322
10,5.0,319.0590682650388
11,5.5,311.7830311153925
12,6.0,314.6147777478819
13,6.5,307.591962701514
14,7.0,307.39796305424005
15,7.5,299.91325503511575
16,8.0,298.5865430969085
17,8.5,294.45643922891753
18,9.0,287.30783003760183
19,9.5,278.48867612778383
20,10.0,273.0664335092349
21,10.5,269.4475866118538
22,11.0,267.11761475842667
23,11.5,258.3166707975025
24,12.0,251.06171929484776
25,12.5,251.59000632944498
26,13.0,242.48399286567883
27,13.5,239.4067084645894
28,14.0,229.0847577953573
29,14.5,222.83170865663
30,15.0,214.44606968458368
31,15.5,211.2938447032394
32,16.0,205.56735955265512
33,16.5,199.14317755281493
34,17.0,188.2669438138305
35,17.5,183.98675573296714
36,18.0,176.98276922756907
37,18.5,172.25378022144733
38,19.0,170.77642008557467
39,19.5,158.18157965846567
40,20.0,151.4527919875391
41,20.5,145.70255299642113
42,21.0,140.6400698458709
43,21.5,133.34707205291608
44,22.0,124.85459183964674
45,22.5,122.2523222593499
46,23.0,116.76820058137055
47,23.5,114.08252762002168
48,24.0,105.6994329511033
49,24.5,100.35928257357487
50,25.0,99.52061178119831
51,25.5,87.12437842766654
52,26.0,83.65216320087674
53,26.5,83.2034420866461
54,27.0,73.5254995008997
55,27.5,75.59768879921249
56,28.0,64.88179168899877
57,28.5,64.96408761939148
58,29.0,60.68100823713092
59,29.5,56.215996265255164
60,30.0,51.79531305048851
61,30.5,49.77423648143634
62,31.0,46.16155363308085
63,31.5,43.08324552552481
64,32.0,40.78549956059113
65,32.5,35.894913313575195
66,33.0,37.30462711789114
67,33.5,32.56252201618864
68,34.0,30.61988814548949
69,34.5,26.78148587966863
70,35.0,29.975178314774
71,35.5,27.658512137503532
72,36.0,22.867225687964744
73,36.5,18.887289978662096
74,37.0,18.741356641132587
75,37.5,18.263984402550932
76,38.0,17.068688556313568
77,38.5,12.60092695076213
78,39.0,12.301142101456158
79,39.5,15.457447302233847
80,40.0,21.397916163164254
81,40.5,18.025051565111703
82,41.0,13.76378450676835
83,41.5,13.499061458797993
84,42.0,12.242849345401817
85,42.5,14.217670684165533
86,43.0,12.069345882880535
87,43.5,15.933017294056537
88,44.0,14.142744954735505
89,44.5,9.75725952264109
90,45.0,12.758435751938615
91,45.5,10.010439052894284
92,46.0,12.67536518614132
93,46.5,13.573081838030353
94,47.0,14.573989373301218
95,47.5,13.097674109836406
96,48.0,11.729103460312668
97,48.5,13.015528024905356
98,49.0,12.835764182802965
99,49.5,13.86978845800903
100,50.0,17.247480224783846
101,50.5,13.378291741380751
102,51.0,12.612693600336913
103,51.5,17.13253537643075
104,52.0,15.328171880016201
105,52.5,14.983329825535659
106,53.0,17.854095280850014
107,53.5,20.690615917608298
108,54.0,13.597759637525591
109,54.5,13.755395378887538
110,55.0,15.407664069152759
111,55.5,18.969079491146832
112,56.0,14.936231591038108
113,56.5,14.82169025635353
114,57.0,12.525295641415838
115,57.5,15.286835356740854
116,58.0,13.007097772291857
117,58.5,15.491502172578523
118,59.0,15.278233939618454
119,59.5,15.988667483041018
120,60.0,15.194905952694299
121,60.5,15.463139134707676
122,61.0,14.156298466065211
123,61.5,14.836652165106967
124,62.0,15.79720378061574
125,62.5,14.913355643535711
126,63.0,11.813219177278794
127,63.5,9.578681421728962
128,64.0,12.470772459058232
129,64.5,13.184621699770869
130,65.0,12.778270665078889
131,65.5,13.244874480498858
132,66.0,15.653949655739947
133,66.5,12.049051060192925
134,67.0,11.48032123768297
135,67.5,11.552830304850985
136,68.0,9.072770986336437
137,68.5,10.366699947023632
138,69.0,8.536751384132534
139,69.5,7.889821328046867
140,70.0,9.578466575566836
141,70.5,11.747753682798024
142,71.0,10.14077460219055
143,71.5,8.691614813798829
144,72.0,9.742596947784222
145,72.5,8.000517576962432
146,73.0,9.471405089145577
147,73.5,10.724875205792719
148,74.0,7.509911370818241
149,74.5,6.4401565486916725
150,75.0,7.880439499333232
151,75.5,6.757430813412881
152,76.0,8.040576251727721
153,76.5,9.63736675053702
154,77.0,7.276631808487313
155,77.5,6.075736997334044
156,78.0,3.8615050883941446
157,78.5,3.7170477197276477
158,79.0,3.747850504154787
159,79.5,5.156848484808094
160,80.0,0.9135670134519702
161,80.5,4.859567551850029
162,81.0,3.9302076779403006
163,81.5,3.5157941771505596
164,82.0,4.4276997623961964
165,82.5,3.644594306898586
166,83.0,5.051697991917138
167,83.5,2.9686002252560577
168,84.0,7.255534265384277
169,84.5,3.219301806257981
170,85.0,7.825433586000914
171,85.5,4.77852668309253
172,86.0,1.8606773716484593
173,86.5,2.6940992473849943
174,87.0,2.8063669446351174
175,87.5,2.737469602139468
176,88.0,3.64188888599205
177,88.5,5.204476125591956
178,89.0,2.476480666419006
179,89.5,1.613534706401372
180,90.0,5.878042136267155
181,90.5,2.2242026507791914
182,91.0,5.852246881864122
183,91.5,5.112319263042635
184,92.0,4.538784309557508
185,92.5,8.99106886653048
186,93.0,9.062134265232388
187,93.5,2.2320225420904887
188,94.0,6.463641737980356
189,94.5,5.752835918173966
190,95.0,3.465713111799631
191,95.5,6.398177201287961
192,96.0,2.8005462073325953
193,96.5,3.363911073006439
194,97.0,8.12689077249285
195,97.5,1.0502609175306143
196,98.0,1.0316935607047317
197,98.5,2.1233089454341276
198,99.0,2.0204377719756406
199,99.5,7.437642749634612
200,100.0,5.578204970143128
201,100.5,7.08690678446299
202,101.0,4.799661095532647
203,101.5,2.028871415028959
204,102.0,3.934679951237991
205,102.5,2.978896249097253
206,103.0,4.577757311678745
207,103.5,6.719118805115192
208,104.0,6.954847674712719
209,104.5,1.8600097124511912
210,105.0,-0.9878529488318426
211,105.5,7.780584069243458
212,106.0,4.186672333915796
213,106.5,4.713732698970167
214,107.0,0.28968690454889456
215,107.5,4.942862742277968
216,108.0,2.0643299695037656
217,108.5,-0.6749244346277368
218,109.0,0.527839685670557
219,109.5,1.4088836605720512
220,110.0,1.579086112042913
221,110.5,3.625412088243519
222,111.0,3.8604370481084476
223,111.5,0.5750453558314856
224,112.0,4.276507731867053
225,112.5,4.026693990685506
226,113.0,-0.3477877271780776
227,113.5,4.215971313918731
228,114.0,2.0099246207465837
229,114.5,0.9493626707909293
230,115.0,2.103158923084907
231,115.5,-0.655014395954046
232,116.0,4.8749628847361395
233,116.5,2.274748138539457
234,117.0,-0.6993079219916918
235,117.5,0.5371321535894402
236,118.0,3.275499976924369
237,118.5,2.6561060237669123
238,119.0,2.355771045039046
239,119.5,3.3377096135151425
240,120.0,1.675652597424234
241,120.5,1.528066250506159
242,121.0,1.776867883670084
243,121.5,1.686056111299705
244,122.0,3.7287373479024373
245,122.5,2.1001058587396764
246,123.0,1.969723772972123
247,123.5,1.750406371636788
248,124.0,3.206331141603946
249,124.5,1.3432728014548239
250,125.0,1.4511560161417654
251,125.5,1.2487047936381572
252,126.0,2.4350380823858204
253,126.5,4.763853459105046
254,127.0,4.2079118222754754
255,127.5,2.155561278470323
256,128.0,0.7485548642338449
257,128.5,3.1861718758917106
258,129.0,3.654396137896578
259,129.5,5.375307546931585
260,130.0,1.6903199194923366
261,130.5,2.7431703130070346
262,131.0,5.719886646062332
263,131.5,7.296638276935748
264,132.0,6.177219073364412
265,132.5,3.550304627487126
266,133.0,1.357747053012008
267,133.5,5.799840702260736
268,134.0,6.490484694247915
269,134.5,3.2227492502362045
270,135.0,7.3459833239534955
271,135.5,9.150262440593112
272,136.0,6.005663640882038
273,136.5,6.165925393241599
274,137.0,6.281877326720597
275,137.5,6.879108677122853
276,138.0,6.00790161257104
277,138.5,7.480044258828619
278,139.0,5.662883852238487
279,139.5,6.538362885451834
280,140.0,5.612050292904319
281,140.5,8.947828459790317
282,141.0,9.089826813054595
283,141.5,5.4485876890387415
284,142.0,3.7643960024401935
285,142.5,6.543010052296948
286,143.0,6.482588214446103
287,143.5,5.150742031132077
288,144.0,8.5964126120309
289,144.5,6.50844048215566
290,145.0,7.318953849433865
291,145.5,4.583241135241197
292,146.0,7.681012172247773
293,146.5,5.919524190569717
294,147.0,6.935570364962165
295,147.5,2.77011119730183
296,148.0,6.6656769068150075
297,148.5,4.839415625551481
298,149.0,6.483719998120721
299,149.5,4.891379026446658
300,150.0,3.995942187757954
301,150.5,5.736855470302222
302,151.0,4.997981202270049
303,151.5,8.090729933037013
304,152.0,7.704074432917324
305,152.5,8.739306997685933
306,153.0,6.646722774901495
307,153.5,5.155189051921974
308,154.0,8.868111807062743
309,154.5,6.448694624830537
310,155.0,9.543129158548844
311,155.5,5.79865611551925
312,156.0,8.889101127162519
313,156.5,6.8378326499646045
314,157.0,6.9334051655241495
315,157.5,3.198825856683944
316,158.0,6.349043342887767
317,158.5,6.713640691916651
318,159.0,8.491037240359782
319,159.5,6.264664451926566
320,160.0,3.413034046203664
321,160.5,8.677032688440173
322,161.0,8.43746029562103
323,161.5,4.479095723314158
324,162.0,4.74908552849581
325,162.5,6.606247022261607
326,163.0,5.256989964453327
327,163.5,5.016957701120198
328,164.0,4.322740795992887
329,164.5,4.1500358360842435
330,165.0,6.824726450937249
331,165.5,6.011589810439799
332,166.0,6.922061101014735
333,166.5,5.497230661614129
334,167.0,7.57138850510068
335,167.5,7.79471623602032
336,168.0,7.984906749533815
337,168.5,12.600921102554096
338,169.0,10.928988807604139
339,169.5,5.768380358510212
340,170.0,6.856339551415297
341,170.5,10.587641161893947
342,171.0,11.911375355519239
343,171.5,9.382818894621217
344,172.0,10.562879322326694
345,172.5,10.96585702105372
346,173.0,11.95007022616091
347,173.5,7.693198557083102
348,174.0,10.842918425999759
349,174.5,9.172752116575854
350,175.0,11.142409350613399
351,175.5,10.281143447302345
352,176.0,9.922420078713213
353,176.5,11.384354209564536
354,177.0,12.070730863028004
355,177.5,9.76198381903889
356,178.0,15.352051545706
357,178.5,11.969885401097615
358,179.0,13.616007616327295
359,179.5,13.106807376051584
360,180.0,6.994421337951135
