,n space,k space,Chi Square Statistic
0,"[1.5  1.51 1.52 1.53 1.54 1.55 1.56 1.57 1.58 1.59 1.6  1.61 1.62 1.63
 1.64 1.65 1.66 1.67 1.68 1.69]",[0. 0. 0. 0. 0. 0. 0. 0. 0. 0. 0. 0. 0. 0. 0. 0. 0. 0. 0. 0.],"[3074.95812603 2899.80536251 2689.36768287 2444.59640415 2163.69697125
 1850.76322549 1507.52256723 1135.12612458  737.34721059  430.07779839
  800.15544095 1277.60086996 1787.3760866  2316.93465102 2862.43169796
 3418.2785434  3980.52182713 4545.37998392 5108.8246881  5667.50610228]"
1,"[1.5  1.51 1.52 1.53 1.54 1.55 1.56 1.57 1.58 1.59 1.6  1.61 1.62 1.63
 1.64 1.65 1.66 1.67 1.68 1.69]","[0.01 0.01 0.01 0.01 0.01 0.01 0.01 0.01 0.01 0.01 0.01 0.01 0.01 0.01
 0.01 0.01 0.01 0.01 0.01 0.01]","[2315.23196617 2156.54267638 1962.88367759 1735.22049112 1473.99176913
 1182.09057464  862.32597958  590.55284783  822.18915401 1167.81029236
 1549.67264909 1957.04460862 2386.8463793  2837.24994775 3306.07891936
 3791.55725652 4289.43454199 4794.22823452 5300.81033497 5804.52092568]"
2,"[1.5  1.51 1.52 1.53 1.54 1.55 1.56 1.57 1.58 1.59 1.6  1.61 1.62 1.63
 1.64 1.65 1.66 1.67 1.68 1.69]","[0.02 0.02 0.02 0.02 0.02 0.02 0.02 0.02 0.02 0.02 0.02 0.02 0.02 0.02
 0.02 0.02 0.02 0.02 0.02 0.02]","[1635.18000279 1496.37883262 1325.99030113 1127.79651841  937.63239156
  948.12032954 1130.36009786 1379.19953347 1669.98553485 1987.96830688
 2329.77661265 2692.7182223  3073.03261477 3468.16037313 3875.22442379
 4292.91599028 4718.91006252 5151.91190072 5589.51696172 6029.53816233]"
3,"[1.5  1.51 1.52 1.53 1.54 1.55 1.56 1.57 1.58 1.59 1.6  1.61 1.62 1.63
 1.64 1.65 1.66 1.67 1.68 1.69]","[0.03 0.03 0.03 0.03 0.03 0.03 0.03 0.03 0.03 0.03 0.03 0.03 0.03 0.03
 0.03 0.03 0.03 0.03 0.03 0.03]","[1419.74730628 1375.25105649 1373.02409499 1428.73792495 1551.04085206
 1720.64656107 1930.3708268  2169.28602523 2434.48823083 2723.67059834
 3034.59363336 3364.47287741 3710.53016911 4069.67243585 4438.6516629
 4814.65322226 5194.54775419 5575.14712847 5956.20973898 6336.85935641]"
4,"[1.5  1.51 1.52 1.53 1.54 1.55 1.56 1.57 1.58 1.59 1.6  1.61 1.62 1.63
 1.64 1.65 1.66 1.67 1.68 1.69]","[0.04 0.04 0.04 0.04 0.04 0.04 0.04 0.04 0.04 0.04 0.04 0.04 0.04 0.04
 0.04 0.04 0.04 0.04 0.04 0.04]","[1968.98989302 1993.91118256 2056.59304818 2157.831287   2293.65168786
 2458.44866504 2650.16299132 2867.40333308 3108.60807095 3371.97546666
 3655.21085358 3955.80119645 4271.2230335  4598.96993331 4936.28208937
 5280.43644896 5628.5755228  5977.91796082 6325.76054631 6669.97697934]"
5,"[1.5  1.51 1.52 1.53 1.54 1.55 1.56 1.57 1.58 1.59 1.6  1.61 1.62 1.63
 1.64 1.65 1.66 1.67 1.68 1.69]","[0.05 0.05 0.05 0.05 0.05 0.05 0.05 0.05 0.05 0.05 0.05 0.05 0.05 0.05
 0.05 0.05 0.05 0.05 0.05 0.05]","[2632.89917406 2673.78697393 2744.36829236 2841.94873906 2965.92666408
 3115.50392991 3289.64808808 3487.18464929 3706.56482968 3946.02255552
 4203.66035613 4477.43855434 4765.02730233 5064.14604916 5372.40012806
 5687.20626457 6006.11827807 6326.67009942 6646.47139575 6963.30485808]"
6,"[1.5  1.51 1.52 1.53 1.54 1.55 1.56 1.57 1.58 1.59 1.6  1.61 1.62 1.63
 1.64 1.65 1.66 1.67 1.68 1.69]","[0.06 0.06 0.06 0.06 0.06 0.06 0.06 0.06 0.06 0.06 0.06 0.06 0.06 0.06
 0.06 0.06 0.06 0.06 0.06 0.06]","[3267.15349938 3304.42510189 3366.92735663 3454.2830051  3565.92641584
 3701.2012913  3859.12964527 4038.43906017 4237.76324435 4455.54873816
 4690.07024333 4939.51908457 5201.85765118 5474.93812686 5756.58444272
 6044.58165111 6336.70771619 6630.79992926 6924.73576619 7216.40715776]"
7,"[1.5  1.51 1.52 1.53 1.54 1.55 1.56 1.57 1.58 1.59 1.6  1.61 1.62 1.63
 1.64 1.65 1.66 1.67 1.68 1.69]","[0.07 0.07 0.07 0.07 0.07 0.07 0.07 0.07 0.07 0.07 0.07 0.07 0.07 0.07
 0.07 0.07 0.07 0.07 0.07 0.07]","[3839.39813477 3870.98066442 3925.88408497 4003.72365776 4103.94767814
 4225.83124047 4368.47327827 4530.79736206 4711.556557   4909.3903608
 5122.72686282 5349.84026831 5588.93061466 5838.10958546 6095.428018
 6358.88944991 6626.53516    6896.37214732 7166.42304684 7434.80980223]"
8,"[1.5  1.51 1.52 1.53 1.54 1.55 1.56 1.57 1.58 1.59 1.6  1.61 1.62 1.63
 1.64 1.65 1.66 1.67 1.68 1.69]","[0.08 0.08 0.08 0.08 0.08 0.08 0.08 0.08 0.08 0.08 0.08 0.08 0.08 0.08
 0.08 0.08 0.08 0.08 0.08 0.08]","[4355.7053922  4381.60443133 4429.08322413 4497.85626789 4587.37040485
 4696.86480468 4825.50031411 4972.28458325 5136.07679608 5315.59574409
 5509.43117476 5716.05819904 5933.85440831 6161.11923844 6396.15164868
 6637.09803115 6882.15238249 7129.51967419 7377.43655665 7624.19154071]"
9,"[1.5  1.51 1.52 1.53 1.54 1.55 1.56 1.57 1.58 1.59 1.6  1.61 1.62 1.63
 1.64 1.65 1.66 1.67 1.68 1.69]","[0.09 0.09 0.09 0.09 0.09 0.09 0.09 0.09 0.09 0.09 0.09 0.09 0.09 0.09
 0.09 0.09 0.09 0.09 0.09 0.09]","[4822.46746685 4843.07230203 4883.67531255 4943.93611933 5023.30339613
 5121.1346458  5236.72596554 5369.16152473 5517.31925538 5680.03141153
 5856.01726639 6043.89553988 6242.19904264 6449.39117351 6663.8838359
 6884.05628733 7108.27440744 7334.90986274 7562.35865992 7789.05861267]"
10,"[1.5  1.51 1.52 1.53 1.54 1.55 1.56 1.57 1.58 1.59 1.6  1.61 1.62 1.63
 1.64 1.65 1.66 1.67 1.68 1.69]","[0.1 0.1 0.1 0.1 0.1 0.1 0.1 0.1 0.1 0.1 0.1 0.1 0.1 0.1 0.1 0.1 0.1 0.1
 0.1 0.1]","[5245.33035556 5261.00622625 5295.20758894 5347.5752878  5417.62999611
 5504.77065618 5608.27470615 5727.32429143 5860.95736913 6008.13222369
 6167.69893645 6338.35989276 6518.76363941 6707.51798313 6903.18417503
 7104.29306451 7309.36163496 7516.90949741 7725.47492664 7933.63004846]"
11,"[1.5  1.51 1.52 1.53 1.54 1.55 1.56 1.57 1.58 1.59 1.6  1.61 1.62 1.63
 1.64 1.65 1.66 1.67 1.68 1.69]","[0.11 0.11 0.11 0.11 0.11 0.11 0.11 0.11 0.11 0.11 0.11 0.11 0.11 0.11
 0.11 0.11 0.11 0.11 0.11 0.11]","[5629.07371755 5640.14876291 5668.4077351  5713.50802075 5774.99836975
 5852.31816642 5944.79819211 6051.66304961 6172.0353584  6304.94176068
 6449.32070597 6604.03191051 6767.87209967 6939.62035912 7117.95276279
 7301.52759156 7488.96361864 7678.91240736 7870.03973341 8061.03884796]"
12,"[1.5  1.51 1.52 1.53 1.54 1.55 1.56 1.57 1.58 1.59 1.6  1.61 1.62 1.63
 1.64 1.65 1.66 1.67 1.68 1.69]","[0.12 0.12 0.12 0.12 0.12 0.12 0.12 0.12 0.12 0.12 0.12 0.12 0.12 0.12
 0.12 0.12 0.12 0.12 0.12 0.12]","[5977.96641128 5984.76434409 6007.52759723 6045.91676894 6099.5090259
 6167.78289139 6250.11938068 6345.80452337 6454.03335542 6573.91540991
 6704.48167832 6844.69295785 6993.44944663 7149.6014014  7311.96063249
 7479.31258098 7650.42870368 7824.0968806  7999.09304651 8174.20252731]"
13,"[1.5  1.51 1.52 1.53 1.54 1.55 1.56 1.57 1.58 1.59 1.6  1.61 1.62 1.63
 1.64 1.65 1.66 1.67 1.68 1.69]","[0.13 0.13 0.13 0.13 0.13 0.13 0.13 0.13 0.13 0.13 0.13 0.13 0.13 0.13
 0.13 0.13 0.13 0.13 0.13 0.13]","[6295.75697167 6298.59631213 6316.25126271 6348.464733   6394.79266807
 6454.75109529 6527.76815102 6613.18663246 6710.26777854 6818.19629971
 6936.08663133 7062.99034042 7197.90457281 7339.78138928 7487.53780708
 7640.06633833 7796.24580021 7954.95216429 8115.06921337 8275.49878393]"
14,"[1.5  1.51 1.52 1.53 1.54 1.55 1.56 1.57 1.58 1.59 1.6  1.61 1.62 1.63
 1.64 1.65 1.66 1.67 1.68 1.69]","[0.14 0.14 0.14 0.14 0.14 0.14 0.14 0.14 0.14 0.14 0.14 0.14 0.14 0.14
 0.14 0.14 0.14 0.14 0.14 0.14]","[6585.58237929 6584.83520822 6597.85327488 6624.35111825 6663.98767416
 6716.31561658 6780.78167352 6856.78107382 6943.6356475  7040.59843961
 7146.85934854 7261.55172943 7383.75986921 7512.52720864 7646.86516051
 7785.7623525  7928.1941094  8073.13198239 8219.5531334  8366.44938985]"
15,"[1.5  1.51 1.52 1.53 1.54 1.55 1.56 1.57 1.58 1.59 1.6  1.61 1.62 1.63
 1.64 1.65 1.66 1.67 1.68 1.69]","[0.15 0.15 0.15 0.15 0.15 0.15 0.15 0.15 0.15 0.15 0.15 0.15 0.15 0.15
 0.15 0.15 0.15 0.15 0.15 0.15]","[6850.26713527 6846.25324003 6855.03846305 6876.35667056 6909.86717083
 6955.15687261 7011.78630976 7079.15178896 7156.63064264 7243.5381437
 7339.13260471 7442.6212891  7553.16705635 7669.89563751 7791.90341655
 7918.26557538 8048.04444938 8180.29793387 8314.08778163 8448.48763741]"
16,"[1.5  1.51 1.52 1.53 1.54 1.55 1.56 1.57 1.58 1.59 1.6  1.61 1.62 1.63
 1.64 1.65 1.66 1.67 1.68 1.69]","[0.16 0.16 0.16 0.16 0.16 0.16 0.16 0.16 0.16 0.16 0.16 0.16 0.16 0.16
 0.16 0.16 0.16 0.16 0.16 0.16]","[7092.29395293 7085.31840227 7090.24968929 7106.84055317 7134.77550976
 7173.67183351 7223.08122149 7282.5213576  7351.4095632  7429.10032901
 7514.91412056 7608.12515425 7707.96732865 7813.64069043 7924.31833076
 8039.15359446 8157.28747407 8277.85605609 8399.99788581 8522.8611215 ]"
17,"[1.5  1.51 1.52 1.53 1.54 1.55 1.56 1.57 1.58 1.59 1.6  1.61 1.62 1.63
 1.64 1.65 1.66 1.67 1.68 1.69]","[0.17 0.17 0.17 0.17 0.17 0.17 0.17 0.17 0.17 0.17 0.17 0.17 0.17 0.17
 0.17 0.17 0.17 0.17 0.17 0.17]","[7313.89852579 7304.20384934 7305.63720969 7317.92359272 7340.77142023
 7373.8276557  7416.67946706 7468.85651621 7529.8461758  7599.0921417
 7675.93981867 7759.72420464 7849.74357816 7945.26526695 8045.53178475
 8149.7672376  8257.18389306 8366.98880103 8478.3903542  8590.60467953]"
18,"[1.5  1.51 1.52 1.53 1.54 1.55 1.56 1.57 1.58 1.59 1.6  1.61 1.62 1.63
 1.64 1.65 1.66 1.67 1.68 1.69]","[0.18 0.18 0.18 0.18 0.18 0.18 0.18 0.18 0.18 0.18 0.18 0.18 0.18 0.18
 0.18 0.18 0.18 0.18 0.18 0.18]","[7516.98892555 7504.89070824 7503.11136878 7511.47339045 7529.68757867
 7557.41493318 7594.27551198 7639.83691372 7693.61701245 7755.08724434
 7823.71712443 7898.85689272 7979.86268861 8066.06288605 8156.7629694
 8251.25124746 8348.80471106 8448.69494081 8550.19397071 8652.58001571]"
19,"[1.5  1.51 1.52 1.53 1.54 1.55 1.56 1.57 1.58 1.59 1.6  1.61 1.62 1.63
 1.64 1.65 1.66 1.67 1.68 1.69]","[0.19 0.19 0.19 0.19 0.19 0.19 0.19 0.19 0.19 0.19 0.19 0.19 0.19 0.19
 0.19 0.19 0.19 0.19 0.19 0.19]","[7703.25934124 7689.0148935  7684.38308295 7689.16895375 7703.14068002
 7726.01176151 7757.40383482 7796.91945837 7844.11577867 7898.5075529
 7959.570631   8026.7742208  8099.51000435 8177.1516214  8259.0617884
 8344.58718153 8433.06367742 8523.82164186 8616.19118681 8709.50731791]"
