,Theta,Input Phase Function
0,5.0,276.4992944229771
1,5.5,263.8941555542725
2,6.0,323.648661017083
3,6.5,433.6651279187698
4,7.0,393.2535493967829
5,7.5,382.5439053330654
6,8.0,260.32037912801565
7,8.5,219.68335672240525
8,9.0,286.0291373796748
9,9.5,344.9791368939914
10,10.0,130.79186057971341
11,10.5,344.4865160322198
12,11.0,265.949798311096
13,11.5,291.42754806114584
14,12.0,296.8080369521098
15,12.5,158.15604456012474
16,13.0,334.9770292301735
17,13.5,310.96871638983066
18,14.0,373.2854337558625
19,14.5,258.4538459414895
20,15.0,224.9464360334422
21,15.5,181.2331616540686
22,16.0,120.80283812159358
23,16.5,237.66234530375306
24,17.0,186.6351251017719
25,17.5,189.71273680390604
26,18.0,179.43581164996326
27,18.5,195.23033693142972
28,19.0,143.59595157425244
29,19.5,153.64447619851455
30,20.0,163.52099835567745
31,20.5,153.39081448091486
32,21.0,160.79086314437515
33,21.5,208.51359153354997
34,22.0,94.14253315600516
35,22.5,95.46483483901244
36,23.0,86.46489742309922
37,23.5,67.52637482257909
38,24.0,83.52803729172531
39,24.5,99.64980493557532
40,25.0,122.234884428516
41,25.5,83.49493539284096
42,26.0,108.8294616166536
43,26.5,88.07125878925646
44,27.0,49.585748877110476
45,27.5,34.01223409825976
46,28.0,96.19138065543005
47,28.5,60.207016046423824
48,29.0,85.75948037012895
49,29.5,64.31359492745906
50,30.0,57.67092597189024
51,30.5,48.155891535763026
52,31.0,56.66724910491914
53,31.5,35.33351656834653
54,32.0,34.6202074533128
55,32.5,45.63466308044771
56,33.0,37.6198197088802
57,33.5,27.36850521983603
58,34.0,31.613373302264808
59,34.5,31.971905870056812
60,35.0,32.5694929736004
61,35.5,22.938164277894035
62,36.0,17.299427619942914
63,36.5,15.329930236869114
64,37.0,15.463135261164247
65,37.5,21.381935431301827
66,38.0,18.46117739599613
67,38.5,14.178230571874213
68,39.0,13.754775314673466
69,39.5,17.750847649418237
70,40.0,12.533392481097518
71,40.5,6.554673597958567
72,41.0,10.281036009778543
73,41.5,6.8946653443700585
74,42.0,13.387223609112143
75,42.5,10.779748255508624
76,43.0,11.873089316816353
77,43.5,14.46098729394743
78,44.0,11.464463616195712
79,44.5,14.925624887549368
80,45.0,11.826024998461584
81,45.5,12.957683364722818
82,46.0,13.40737425015429
83,46.5,12.148056072341838
84,47.0,14.078978420505306
85,47.5,13.352251040415933
86,48.0,15.79982703971173
87,48.5,12.152390753725266
88,49.0,8.95155492270682
89,49.5,13.904361054738303
90,50.0,12.715633717734875
91,50.5,17.171128839200925
92,51.0,15.270201391614602
93,51.5,17.799630799088995
94,52.0,11.5922460051846
95,52.5,19.141286675458097
96,53.0,18.883961500896554
97,53.5,8.826827141356002
98,54.0,19.363902505182054
99,54.5,18.158305928192682
100,55.0,14.837738309285324
101,55.5,18.88897839413489
102,56.0,13.109078528338092
103,56.5,12.349229765400366
104,57.0,16.770390290072687
105,57.5,17.69346725118749
106,58.0,16.309487144748076
107,58.5,14.60299727786525
108,59.0,16.76674221984453
109,59.5,12.45017823988579
110,60.0,20.682736717452336
111,60.5,17.276768039337263
112,61.0,15.739504522839288
113,61.5,16.662156676427415
114,62.0,12.701290070079331
115,62.5,17.02161751402734
116,63.0,14.203412013202946
117,63.5,11.45032568468834
118,64.0,6.950735195967392
119,64.5,10.627035393379263
120,65.0,12.121939286531715
121,65.5,9.745755101395314
122,66.0,16.843429462206352
123,66.5,12.806402326883042
124,67.0,7.818946200182518
125,67.5,9.928854950070109
126,68.0,9.177033869658615
127,68.5,10.297188125784464
128,69.0,16.17496153229522
129,69.5,10.968876014491013
130,70.0,10.936991568390319
131,70.5,7.057884970428408
132,71.0,8.956377948521682
133,71.5,7.424028420585495
134,72.0,7.33258647297388
135,72.5,9.361414567953432
136,73.0,11.260016290043684
137,73.5,8.808600995008147
138,74.0,4.886055066573426
139,74.5,8.848972665002062
140,75.0,7.496929867172779
141,75.5,6.19445295438737
142,76.0,6.9818343129940965
143,76.5,5.708191314374111
144,77.0,4.02538003994059
145,77.5,4.336648804424754
146,78.0,3.7531695955661255
147,78.5,4.579621022567933
148,79.0,4.95365893817509
149,79.5,6.3086888657843785
150,80.0,4.772421299519557
151,80.5,4.333440734103124
152,81.0,5.543532883920272
153,81.5,3.8247504148762177
154,82.0,3.875094277431071
155,82.5,5.78665983716676
156,83.0,3.531156392266697
157,83.5,4.27320050162165
158,84.0,5.3044554531751205
159,84.5,0.3009697305874819
160,85.0,4.578105774609963
161,85.5,4.159018516071408
162,86.0,4.259660407645614
163,86.5,2.918465736338632
164,87.0,3.6198522860127444
165,87.5,4.0764608057468665
166,88.0,2.3372750714087376
167,88.5,4.285993000294049
168,89.0,3.9485462006716645
169,89.5,3.4829396392047935
170,90.0,4.48669437967794
171,90.5,2.553400148814241
172,91.0,3.3340280572844296
173,91.5,4.877447567595589
174,92.0,2.318678599626707
175,92.5,3.323544384058252
176,93.0,4.376919781059506
177,93.5,3.9362721095844044
178,94.0,4.324787091552806
179,94.5,2.291994878615182
180,95.0,4.223306599268323
181,95.5,3.9584513205703895
182,96.0,4.974771727682123
183,96.5,5.407422200669037
184,97.0,5.437471889158649
185,97.5,5.333680163513332
186,98.0,5.425875000581373
187,98.5,6.239294528127819
188,99.0,4.917265456702324
189,99.5,2.8822428432772895
190,100.0,3.6949605003666917
191,100.5,4.131793289420791
192,101.0,3.9752303502328314
193,101.5,1.347375012029513
194,102.0,3.822070200312528
195,102.5,3.4018586627013288
196,103.0,2.1654322851564825
197,103.5,4.1337118256982
198,104.0,3.777126744112055
199,104.5,4.2465204372999645
200,105.0,3.443413494296592
201,105.5,4.6055009776904905
202,106.0,3.542849831053728
203,106.5,3.3921036482415037
204,107.0,2.486350378261303
205,107.5,4.239717338285297
206,108.0,2.696620514443076
207,108.5,2.444285016758633
208,109.0,3.131161833537949
209,109.5,4.173940863015291
210,110.0,1.8854214768306217
211,110.5,1.1991697761274598
212,111.0,3.297860207974458
213,111.5,2.3864244633101013
214,112.0,2.9800215793466647
215,112.5,1.6242362553500445
216,113.0,2.38402426898344
217,113.5,2.0716137260040006
218,114.0,1.3409311914885123
219,114.5,2.588689811947323
220,115.0,2.4267345383155123
221,115.5,2.6873521157911524
222,116.0,2.681965821343162
223,116.5,2.1511603155266568
224,117.0,2.388096410567192
225,117.5,1.8779787628958906
226,118.0,1.9532635699192802
227,118.5,1.4877813181104433
228,119.0,1.9527426344030985
229,119.5,1.7781688570255412
230,120.0,1.6644628782140487
231,120.5,1.2564733195831532
232,121.0,2.343921108209951
233,121.5,2.633619707933716
234,122.0,1.7160568115727686
235,122.5,2.423740863574047
236,123.0,1.8486820788103753
237,123.5,2.299864515859456
238,124.0,2.974531629159089
239,124.5,2.2680200448339476
240,125.0,2.1582499317055506
241,125.5,2.7689207709007517
242,126.0,2.085659542748666
243,126.5,3.4040219219423893
244,127.0,4.072156493610087
245,127.5,2.094988620297331
246,128.0,2.1923118496655976
247,128.5,3.985387372253582
248,129.0,4.278831324918066
249,129.5,4.104325843283819
250,130.0,2.342340064273249
251,130.5,2.8865301226171907
252,131.0,3.6449383335180006
253,131.5,3.2308612357957482
254,132.0,4.76075393445068
255,132.5,5.581623073401756
256,133.0,6.685890698291133
257,133.5,6.684926982106051
258,134.0,8.107460290828428
259,134.5,3.7866188504029648
260,135.0,7.020157702684517
261,135.5,3.2456682634299288
262,136.0,5.205234724301194
263,136.5,5.913612723864223
264,137.0,3.91030785068125
265,137.5,5.980271749104247
266,138.0,6.677002708821711
267,138.5,9.364668434086685
268,139.0,6.137392490827998
269,139.5,6.403553351830836
270,140.0,4.733823353301517
271,140.5,7.172224145565335
272,141.0,5.318773013983742
273,141.5,6.912890681909858
274,142.0,4.200186730120235
275,142.5,5.282202884812802
276,143.0,8.107701309163469
277,143.5,6.809302878616539
278,144.0,1.594602264389148
279,144.5,2.7173748926815224
280,145.0,6.766459892486869
281,145.5,7.396632424220826
282,146.0,6.876642357705854
283,146.5,4.3026486971178155
284,147.0,5.668177492034598
285,147.5,5.73314573991193
286,148.0,3.8261319180807574
287,148.5,7.3952249330648305
288,149.0,3.5033111551544325
289,149.5,5.804463990754615
290,150.0,6.962656669230323
291,150.5,6.112929308248299
292,151.0,6.389889421866762
293,151.5,4.2847244460843115
294,152.0,1.6011620678624894
295,152.5,5.730391806093154
296,153.0,9.156572453002218
297,153.5,8.099575181676924
298,154.0,3.9039591854287554
299,154.5,3.9778744321416077
300,155.0,5.630279238531262
301,155.5,4.086482306689526
302,156.0,5.085699772849342
303,156.5,6.463615440870954
304,157.0,5.46804395330461
305,157.5,9.050515829775293
306,158.0,7.071605323115703
307,158.5,7.282826713399777
308,159.0,5.008329334905343
309,159.5,5.643871071629954
310,160.0,6.51072521855127
311,160.5,6.0931385424896005
312,161.0,6.588486686073371
313,161.5,6.901048289916757
314,162.0,7.074799337221709
315,162.5,7.246354811356126
316,163.0,5.3865914270234905
317,163.5,4.888127992149185
318,164.0,8.407818495506282
319,164.5,6.122159652430435
320,165.0,10.416530340683732
321,165.5,7.372504793845733
322,166.0,4.956527342619122
323,166.5,8.752914681573708
324,167.0,7.075590631854143
325,167.5,6.194094138151085
326,168.0,8.626000636206271
327,168.5,2.1781368808520707
328,169.0,9.981960199469324
329,169.5,10.63412608358302
330,170.0,12.7477925168634
331,170.5,7.274389087686471
332,171.0,8.463307061563661
333,171.5,10.937699495068196
334,172.0,8.528560816382587
335,172.5,6.761717763319016
336,173.0,10.147388931342535
337,173.5,7.39055623952627
338,174.0,9.129928400459331
339,174.5,10.880208928668853
340,175.0,6.189403807676637
