,n space,k space,Chi Square Statistic
0,"[1.5  1.51 1.52 1.53 1.54 1.55 1.56 1.57 1.58 1.59 1.6  1.61 1.62 1.63
 1.64 1.65 1.66 1.67 1.68 1.69]",[0. 0. 0. 0. 0. 0. 0. 0. 0. 0. 0. 0. 0. 0. 0. 0. 0. 0. 0. 0.],"[1626.04121948 1534.17565191 1442.74594036 1353.59946173 1267.70685173
 1183.81237618 1107.96759342 1032.51959425  968.83530072  919.01211985
  885.00242374  874.07957342  874.81828182  908.27651414  965.1470384
 1044.29006892 1147.01121302 1281.76685715 1434.51760325 1594.73639311]"
1,"[1.5  1.51 1.52 1.53 1.54 1.55 1.56 1.57 1.58 1.59 1.6  1.61 1.62 1.63
 1.64 1.65 1.66 1.67 1.68 1.69]","[0.01 0.01 0.01 0.01 0.01 0.01 0.01 0.01 0.01 0.01 0.01 0.01 0.01 0.01
 0.01 0.01 0.01 0.01 0.01 0.01]","[1507.09292157 1426.86048036 1345.2832599  1263.55238718 1184.46901394
 1106.72151117 1040.77614278  984.28216453  941.35083531  914.10682278
  897.83513701  896.4907716   924.50646946  972.59984364 1036.5156162
 1116.33857777 1226.74668897 1358.61554567 1500.19972754 1643.00079809]"
2,"[1.5  1.51 1.52 1.53 1.54 1.55 1.56 1.57 1.58 1.59 1.6  1.61 1.62 1.63
 1.64 1.65 1.66 1.67 1.68 1.69]","[0.02 0.02 0.02 0.02 0.02 0.02 0.02 0.02 0.02 0.02 0.02 0.02 0.02 0.02
 0.02 0.02 0.02 0.02 0.02 0.02]","[1442.07474992 1376.05542206 1311.76848455 1250.11487007 1189.88635393
 1135.79367179 1090.92827388 1055.4137076  1031.58239789 1013.18491905
 1015.90875397 1037.80581405 1078.81987377 1131.97474862 1197.08930507
 1289.21873478 1403.37256315 1526.37233206 1655.86046291 1784.16529007]"
3,"[1.5  1.51 1.52 1.53 1.54 1.55 1.56 1.57 1.58 1.59 1.6  1.61 1.62 1.63
 1.64 1.65 1.66 1.67 1.68 1.69]","[0.03 0.03 0.03 0.03 0.03 0.03 0.03 0.03 0.03 0.03 0.03 0.03 0.03 0.03
 0.03 0.03 0.03 0.03 0.03 0.03]","[1430.47595203 1379.8917388  1330.90957829 1284.95793049 1244.09712728
 1209.48879715 1184.2141071  1162.36456806 1152.63215484 1159.98862012
 1178.0014174  1215.89361961 1261.6107736  1318.28750141 1398.18838578
 1495.76779678 1604.33842865 1722.77541297 1841.40419463 1959.46569342]"
4,"[1.5  1.51 1.52 1.53 1.54 1.55 1.56 1.57 1.58 1.59 1.6  1.61 1.62 1.63
 1.64 1.65 1.66 1.67 1.68 1.69]","[0.04 0.04 0.04 0.04 0.04 0.04 0.04 0.04 0.04 0.04 0.04 0.04 0.04 0.04
 0.04 0.04 0.04 0.04 0.04 0.04]","[1448.83664846 1413.25141106 1380.65971032 1351.64144188 1326.66200775
 1304.94845769 1292.07869513 1290.40193057 1300.53003553 1317.16567023
 1352.19944893 1391.54849581 1441.2184377  1510.46080374 1593.94615917
 1691.94485296 1796.8085928  1906.05337108 2015.32771738 2123.90164382]"
5,"[1.5  1.51 1.52 1.53 1.54 1.55 1.56 1.57 1.58 1.59 1.6  1.61 1.62 1.63
 1.64 1.65 1.66 1.67 1.68 1.69]","[0.05 0.05 0.05 0.05 0.05 0.05 0.05 0.05 0.05 0.05 0.05 0.05 0.05 0.05
 0.05 0.05 0.05 0.05 0.05 0.05]","[1494.38749883 1471.94654028 1450.60037983 1433.55743155 1422.07077226
 1417.92274877 1421.87648955 1429.59564815 1447.94664585 1478.18339336
 1511.45464626 1556.16300262 1617.04615552 1689.39132594 1777.03534774
 1869.2924115  1968.9908288  2069.6435011  2170.46276116 2270.66986153]"
6,"[1.5  1.51 1.52 1.53 1.54 1.55 1.56 1.57 1.58 1.59 1.6  1.61 1.62 1.63
 1.64 1.65 1.66 1.67 1.68 1.69]","[0.06 0.06 0.06 0.06 0.06 0.06 0.06 0.06 0.06 0.06 0.06 0.06 0.06 0.06
 0.06 0.06 0.06 0.06 0.06 0.06]","[1561.51717764 1549.0778458  1540.73690663 1537.43705159 1536.89293301
 1539.88446666 1547.3024035  1568.87818926 1594.26014507 1624.03222687
 1663.86703829 1718.19425838 1782.07333836 1859.41927239 1940.2487911
 2030.11122449 2121.74948438 2214.35598601 2307.21519197 2399.62286842]"
7,"[1.5  1.51 1.52 1.53 1.54 1.55 1.56 1.57 1.58 1.59 1.6  1.61 1.62 1.63
 1.64 1.65 1.66 1.67 1.68 1.69]","[0.07 0.07 0.07 0.07 0.07 0.07 0.07 0.07 0.07 0.07 0.07 0.07 0.07 0.07
 0.07 0.07 0.07 0.07 0.07 0.07]","[1653.36963259 1647.68821098 1643.99957315 1643.2607851  1646.29248939
 1660.43977886 1678.76910292 1699.88169386 1728.77477004 1763.54595264
 1812.80287276 1869.60497309 1938.00124302 2009.99736159 2089.05537274
 2172.00344155 2256.38746375 2341.60196724 2427.05911369 2512.12517986]"
8,"[1.5  1.51 1.52 1.53 1.54 1.55 1.56 1.57 1.58 1.59 1.6  1.61 1.62 1.63
 1.64 1.65 1.66 1.67 1.68 1.69]","[0.08 0.08 0.08 0.08 0.08 0.08 0.08 0.08 0.08 0.08 0.08 0.08 0.08 0.08
 0.08 0.08 0.08 0.08 0.08 0.08]","[1742.73225209 1740.03218185 1742.27599996 1750.94853006 1762.8053195
 1777.64707533 1799.1891025  1823.76087721 1857.55680057 1900.09298344
 1951.42035285 2012.05528464 2075.75414262 2145.2056918  2219.73814976
 2296.08885873 2373.73120522 2452.12698875 2530.73206332 2609.05973626]"
9,"[1.5  1.51 1.52 1.53 1.54 1.55 1.56 1.57 1.58 1.59 1.6  1.61 1.62 1.63
 1.64 1.65 1.66 1.67 1.68 1.69]","[0.09 0.09 0.09 0.09 0.09 0.09 0.09 0.09 0.09 0.09 0.09 0.09 0.09 0.09
 0.09 0.09 0.09 0.09 0.09 0.09]","[1838.38955336 1841.47493228 1848.66540972 1859.53997178 1873.53378974
 1890.55600186 1912.53968253 1944.89025057 1983.35389799 2029.43754533
 2082.09241046 2137.92723626 2198.80918987 2265.24903402 2333.8300474
 2404.08624038 2475.53693189 2547.69129225 2620.12422085 2692.31056604]"
10,"[1.5  1.51 1.52 1.53 1.54 1.55 1.56 1.57 1.58 1.59 1.6  1.61 1.62 1.63
 1.64 1.65 1.66 1.67 1.68 1.69]","[0.1 0.1 0.1 0.1 0.1 0.1 0.1 0.1 0.1 0.1 0.1 0.1 0.1 0.1 0.1 0.1 0.1 0.1
 0.1 0.1]","[1940.48022826 1944.6588801  1951.85231908 1961.99987596 1977.42451571
 2000.23060455 2028.86097406 2062.92001146 2104.36146099 2149.5116216
 2197.91726064 2251.24212149 2309.94911929 2371.05445548 2434.14800729
 2498.80309864 2564.58008484 2631.03036437 2697.70074644 2764.13808655]"
11,"[1.5  1.51 1.52 1.53 1.54 1.55 1.56 1.57 1.58 1.59 1.6  1.61 1.62 1.63
 1.64 1.65 1.66 1.67 1.68 1.69]","[0.11 0.11 0.11 0.11 0.11 0.11 0.11 0.11 0.11 0.11 0.11 0.11 0.11 0.11
 0.11 0.11 0.11 0.11 0.11 0.11]","[2035.75621096 2040.79303578 2050.13207281 2065.88500897 2086.46733175
 2110.9180667  2141.87497924 2176.57422544 2214.79066271 2256.2763857
 2303.05009524 2354.41909819 2408.35739924 2464.50581085 2522.4879065
 2581.91279888 2642.37832467 2703.47459123 2764.78782505 2825.90444682]"
12,"[1.5  1.51 1.52 1.53 1.54 1.55 1.56 1.57 1.58 1.59 1.6  1.61 1.62 1.63
 1.64 1.65 1.66 1.67 1.68 1.69]","[0.12 0.12 0.12 0.12 0.12 0.12 0.12 0.12 0.12 0.12 0.12 0.12 0.12 0.12
 0.12 0.12 0.12 0.12 0.12 0.12]","[2135.65879793 2143.35216382 2155.54997338 2172.46243249 2193.34034978
 2218.03575131 2246.3798099  2278.18279292 2313.23417528 2354.40734265
 2398.86880365 2446.01432185 2495.53049235 2547.08664384 2600.33697057
 2654.92303022 2710.47658447 2766.62274415 2822.98336773 2879.18064938]"
13,"[1.5  1.51 1.52 1.53 1.54 1.55 1.56 1.57 1.58 1.59 1.6  1.61 1.62 1.63
 1.64 1.65 1.66 1.67 1.68 1.69]","[0.13 0.13 0.13 0.13 0.13 0.13 0.13 0.13 0.13 0.13 0.13 0.13 0.13 0.13
 0.13 0.13 0.13 0.13 0.13 0.13]","[2238.18482262 2245.79652687 2257.30590069 2272.61158403 2291.59316787
 2314.11110669 2340.0066934  2370.57891331 2405.56733334 2443.56247343
 2484.3100918  2527.53773849 2572.95607365 2620.26049833 2669.13310145
 2719.24491447 2770.25845343 2821.83051616 2873.61519071 2925.26702092]"
14,"[1.5  1.51 1.52 1.53 1.54 1.55 1.56 1.57 1.58 1.59 1.6  1.61 1.62 1.63
 1.64 1.65 1.66 1.67 1.68 1.69]","[0.14 0.14 0.14 0.14 0.14 0.14 0.14 0.14 0.14 0.14 0.14 0.14 0.14 0.14
 0.14 0.14 0.14 0.14 0.14 0.14]","[2332.07635826 2338.72503166 2348.99221193 2362.78209554 2379.98114315
 2401.91142127 2427.68044373 2456.65115402 2488.62304048 2523.3775337
 2560.67877277 2600.27460548 2641.89784141 2685.26776892 2730.09193822
 2776.06820268 2822.88700071 2870.23385036 2917.79201923 2965.24532371]"
15,"[1.5  1.51 1.52 1.53 1.54 1.55 1.56 1.57 1.58 1.59 1.6  1.61 1.62 1.63
 1.64 1.65 1.66 1.67 1.68 1.69]","[0.15 0.15 0.15 0.15 0.15 0.15 0.15 0.15 0.15 0.15 0.15 0.15 0.15 0.15
 0.15 0.15 0.15 0.15 0.15 0.15]","[2417.00962237 2423.39557207 2433.42171037 2446.98930837 2463.98158262
 2484.26383072 2507.68364061 2534.0712008  2563.23973931 2594.98611804
 2629.09160705 2665.32285877 2703.43309708 2743.16352958 2784.24498372
 2826.3997596  2869.34368379 2912.78833996 2956.44344458 3000.01932836]"
16,"[1.5  1.51 1.52 1.53 1.54 1.55 1.56 1.57 1.58 1.59 1.6  1.61 1.62 1.63
 1.64 1.65 1.66 1.67 1.68 1.69]","[0.16 0.16 0.16 0.16 0.16 0.16 0.16 0.16 0.16 0.16 0.16 0.16 0.16 0.16
 0.16 0.16 0.16 0.16 0.16 0.16]","[2498.71958229 2504.13822688 2512.93862368 2525.02811478 2540.29725255
 2558.61999721 2579.85398623 2603.84089731 2630.40692675 2659.3634047
 2690.50756621 2723.62349401 2758.48324433 2794.84816162 2832.47038205
 2871.09451858 2910.45951395 2950.30064041 2990.35161914 3030.34682572]"
17,"[1.5  1.51 1.52 1.53 1.54 1.55 1.56 1.57 1.58 1.59 1.6  1.61 1.62 1.63
 1.64 1.65 1.66 1.67 1.68 1.69]","[0.17 0.17 0.17 0.17 0.17 0.17 0.17 0.17 0.17 0.17 0.17 0.17 0.17 0.17
 0.17 0.17 0.17 0.17 0.17 0.17]","[2572.82112892 2577.33432496 2584.98994842 2595.70125324 2609.36588514
 2625.8661232  2645.06919123 2666.82765597 2690.97992944 2717.3508921
 2745.7526518  2775.98545065 2807.83872825 2841.0923453  2875.51796633
 2910.88059507 2946.94024967 2983.45375997 3020.17666309 3056.86516887]"
18,"[1.5  1.51 1.52 1.53 1.54 1.55 1.56 1.57 1.58 1.59 1.6  1.61 1.62 1.63
 1.64 1.65 1.66 1.67 1.68 1.69]","[0.18 0.18 0.18 0.18 0.18 0.18 0.18 0.18 0.18 0.18 0.18 0.18 0.18 0.18
 0.18 0.18 0.18 0.18 0.18 0.18]","[2640.10522489 2643.77407046 2650.36364333 2659.79290901 2671.96632785
 2686.7741267  2704.09263783 2723.78471854 2745.7002649  2769.6768329
 2795.54037811 2823.10612339 2852.17956054 2882.55758841 2914.02978551
 2946.37981078 2979.38692138 3012.82759155 3046.47721226 3080.11184756]"
19,"[1.5  1.51 1.52 1.53 1.54 1.55 1.56 1.57 1.58 1.59 1.6  1.61 1.62 1.63
 1.64 1.65 1.66 1.67 1.68 1.69]","[0.19 0.19 0.19 0.19 0.19 0.19 0.19 0.19 0.19 0.19 0.19 0.19 0.19 0.19
 0.19 0.19 0.19 0.19 0.19 0.19]","[2701.26711612 2704.15128841 2709.75075129 2717.9899527  2728.77986465
 2742.01827393 2757.59013725 2775.36801132 2795.21256842 2816.97320745
 2840.48876922 2865.58836265 2892.09230623 2919.81318589 2948.55702674
 2978.12457281 3008.31266449 3038.91569992 3069.72716279 3100.54119576]"
