,Theta,Input Phase Function
0,17.5,194.31937942801136
1,18.0,134.86801561718042
2,18.5,119.8353572901523
3,19.0,207.70069305608678
4,19.5,107.94322594253968
5,20.0,132.1859665582212
6,20.5,105.27357960009167
7,21.0,87.39619310499256
8,21.5,119.3838723010897
9,22.0,115.48230563687454
10,22.5,106.1136121414753
11,23.0,93.1399917099016
12,23.5,78.46620588502716
13,24.0,101.15535833001815
14,24.5,80.91946976573837
15,25.0,93.56133228471556
16,25.5,109.4299319432108
17,26.0,108.09840213071331
18,26.5,81.72937885349668
19,27.0,60.18956036175983
20,27.5,75.40695264559753
21,28.0,78.1516801098156
22,28.5,43.8463157359525
23,29.0,74.2263030789148
24,29.5,53.634988964347585
25,30.0,48.730780374274524
26,30.5,75.67854433735614
27,31.0,35.55415990916775
28,31.5,43.467175937127806
29,32.0,44.395722169105916
30,32.5,43.64860330453756
31,33.0,29.40338329347862
32,33.5,30.751535050057498
33,34.0,23.82983514398973
34,34.5,33.71369399879783
35,35.0,25.76628599733786
36,35.5,26.950099551279862
37,36.0,23.52977761162576
38,36.5,22.15324172736748
39,37.0,24.86990133114897
40,37.5,15.704941254651821
41,38.0,17.3690447754822
42,38.5,17.484447778766224
43,39.0,21.046874245441412
44,39.5,17.299425814935056
45,40.0,14.517858173729952
46,40.5,13.094183230916745
47,41.0,13.9227687087016
48,41.5,12.575024011193499
49,42.0,15.134683532525555
50,42.5,15.398049070310819
51,43.0,12.687495914102515
52,43.5,17.278981613012444
53,44.0,11.351172269626236
54,44.5,8.757386318501744
55,45.0,12.59399981515407
56,45.5,10.360217109898457
57,46.0,11.69970073084562
58,46.5,14.04328795378746
59,47.0,6.154400819134482
60,47.5,12.438909430130137
61,48.0,9.43328935926075
62,48.5,13.041750861016528
63,49.0,11.780688686590995
64,49.5,11.21730161010041
65,50.0,13.925852436386535
66,50.5,11.990965619111384
67,51.0,12.274954154482419
68,51.5,18.575671542981624
69,52.0,11.01980203052168
70,52.5,15.442333697415046
71,53.0,17.54054106090392
72,53.5,15.079207198679534
73,54.0,20.91136063012546
74,54.5,14.716732877888482
75,55.0,17.135847824459216
76,55.5,14.324141957508193
77,56.0,9.693546010483786
78,56.5,15.269672311205715
79,57.0,16.14076978931393
80,57.5,14.803666152699238
81,58.0,10.583498414058583
82,58.5,13.894679268370954
83,59.0,12.645003155314427
84,59.5,15.359286355478716
85,60.0,10.24965755796487
86,60.5,14.298478922929643
87,61.0,15.953616414382507
88,61.5,13.743427098867254
89,62.0,17.684527488078132
90,62.5,11.702446015891473
91,63.0,12.99937037396194
92,63.5,10.666596113921498
93,64.0,12.25227939244939
94,64.5,14.72566623238224
95,65.0,9.796206768579811
96,65.5,10.929029671615067
97,66.0,18.568587027145824
98,66.5,15.299753900863005
99,67.0,13.786852414125965
100,67.5,7.348325516671002
101,68.0,16.28149409394147
102,68.5,6.221841453800131
103,69.0,11.908993042397482
104,69.5,11.023387505712135
105,70.0,9.548427101436449
106,70.5,7.921880250575903
107,71.0,3.995892182828742
108,71.5,7.496337090436708
109,72.0,8.39468413618872
110,72.5,7.662421923900546
111,73.0,10.08058180378223
112,73.5,6.762160728022747
113,74.0,10.947118801082176
114,74.5,8.760596742737544
115,75.0,6.487594020657601
116,75.5,8.28295414360884
117,76.0,7.032420333066543
118,76.5,6.799379830362087
119,77.0,5.763356043972548
120,77.5,5.571628095799188
121,78.0,6.762055104139054
122,78.5,5.483164502119512
123,79.0,6.644259815425207
124,79.5,3.5511666303778235
125,80.0,4.679027568718992
126,80.5,3.838453027733256
127,81.0,5.800011511307706
128,81.5,4.518452920539069
129,82.0,5.073556708845598
130,82.5,4.3401500920189315
131,83.0,3.8507870030699367
132,83.5,3.5555516457099703
133,84.0,3.968825682966566
134,84.5,3.3347378841985194
135,85.0,4.257029259392864
136,85.5,2.185939056637136
137,86.0,2.5920168815958506
138,86.5,3.1743548599108853
139,87.0,3.2751977867444717
140,87.5,3.2833802850681457
141,88.0,4.288147626284212
142,88.5,5.150034554463916
143,89.0,3.6334344593444885
144,89.5,3.6585518743818786
145,90.0,4.465751319335074
146,90.5,4.944140467200707
147,91.0,3.775218773461252
148,91.5,3.5144540619060547
149,92.0,3.5894319438853732
150,92.5,2.8626837492432347
151,93.0,5.5469230472929745
152,93.5,4.418889718672742
153,94.0,3.868913328370078
154,94.5,4.425680283719405
155,95.0,5.775928895473011
156,95.5,3.8292802253795455
157,96.0,5.740562448991675
158,96.5,5.543545146260518
159,97.0,4.584171720348028
160,97.5,4.21705725735343
161,98.0,4.43595050579312
162,98.5,3.0372321476525412
163,99.0,2.710738648591308
164,99.5,5.230100302790682
165,100.0,5.098382882342252
166,100.5,5.976112588161264
167,101.0,3.410512887119193
168,101.5,5.077817062341985
169,102.0,4.560456836544401
170,102.5,5.14376400085851
171,103.0,3.083409684210285
172,103.5,4.058472143959815
173,104.0,5.848749262555196
174,104.5,4.429485171725277
175,105.0,3.941438354047893
176,105.5,2.393486491844392
177,106.0,4.081269758912012
178,106.5,3.1193484339241024
179,107.0,2.5419753583102564
180,107.5,2.617896539547747
181,108.0,2.058931985124743
182,108.5,3.338872515913734
183,109.0,2.1272031788919192
184,109.5,3.0936219941102028
185,110.0,2.777641479633189
186,110.5,2.085031472806895
187,111.0,3.0660995721234907
188,111.5,2.1296421963340912
189,112.0,2.30911414664838
190,112.5,1.341290242726561
191,113.0,1.6196823419569828
192,113.5,2.480442472017727
193,114.0,1.6764088985508312
194,114.5,2.940225437608795
195,115.0,2.3199850334334804
196,115.5,2.1643739430333713
197,116.0,2.113596161427334
198,116.5,1.6508670616211747
199,117.0,1.0858253010721703
200,117.5,1.8152263557716006
201,118.0,1.5580237959164904
202,118.5,1.528940183587878
203,119.0,1.6768424556163373
204,119.5,1.5445105476268022
205,120.0,1.2031335728094552
206,120.5,1.843961493072006
207,121.0,1.446567614736422
208,121.5,1.5549028185865938
209,122.0,2.853069175868038
210,122.5,2.051795545530722
211,123.0,2.4181717640374383
212,123.5,2.651036068798372
213,124.0,2.099182843892274
214,124.5,3.1377433055997797
215,125.0,2.6431206119291657
216,125.5,2.000420128149605
217,126.0,1.8721483863326136
218,126.5,2.8171589486677333
219,127.0,2.6918599272463597
220,127.5,2.8774402000198
221,128.0,4.432986489194064
222,128.5,3.6395143582294036
223,129.0,2.871493407323476
224,129.5,4.508625926305615
225,130.0,4.707012534060804
226,130.5,5.923342743129293
227,131.0,4.735398888279891
228,131.5,5.137345369777873
229,132.0,3.745307723960615
230,132.5,3.544216851648502
231,133.0,5.755360853392958
232,133.5,6.930905219295482
233,134.0,4.61635455525756
234,134.5,4.187934882185779
235,135.0,5.625911776446877
236,135.5,4.370285546646138
237,136.0,6.398546633846503
238,136.5,4.44570256592805
239,137.0,4.308344983121132
240,137.5,4.2148395684335025
241,138.0,6.795204775656274
242,138.5,5.2865253368306195
243,139.0,6.202222363628184
244,139.5,6.127252607447406
245,140.0,4.3855190061599485
246,140.5,4.757468075938784
247,141.0,6.4585784053331805
248,141.5,6.9503460943656625
249,142.0,7.175722308231599
250,142.5,6.375470688714779
251,143.0,5.771221792375794
252,143.5,5.530233662875692
253,144.0,3.821591731537546
254,144.5,7.985908681624359
255,145.0,6.0358447336662575
256,145.5,7.060617451407023
257,146.0,5.274936791459188
258,146.5,7.19218545278604
259,147.0,7.6281679581238055
260,147.5,5.86031534844047
261,148.0,6.909919909052314
262,148.5,8.932511163527739
263,149.0,6.378291060682148
264,149.5,7.537578086048066
265,150.0,4.9714527363872145
266,150.5,7.992417721355906
267,151.0,4.301561225541697
268,151.5,7.7774231215547305
269,152.0,4.444349886434462
270,152.5,4.886917678416676
271,153.0,5.2674364621204885
272,153.5,7.53198413586084
273,154.0,6.338372416193314
274,154.5,5.408518297628136
275,155.0,6.606402195703639
276,155.5,5.545600926446514
277,156.0,5.533106713841409
278,156.5,5.368640080773495
279,157.0,5.713463621105556
280,157.5,6.538548280163523
281,158.0,4.791942432836272
282,158.5,5.685423646376958
283,159.0,4.582381355226764
284,159.5,9.058023753945811
285,160.0,6.938539852940148
286,160.5,6.541244869966277
287,161.0,5.609788263430901
288,161.5,5.2396765592136
289,162.0,7.9405067440083394
290,162.5,6.320308107174485
