,Theta,Input Phase Function
0,22.5,175.13176233328767
1,23.0,46.230335563786355
2,23.5,132.86478075686665
3,24.0,102.06118587581774
4,24.5,88.12607899101559
5,25.0,88.03251294173201
6,25.5,116.6091150085191
7,26.0,60.2309164602604
8,26.5,58.55009174742288
9,27.0,46.14206073835224
10,27.5,88.45590028138135
11,28.0,77.92462553524973
12,28.5,60.37724740287535
13,29.0,58.5547687890169
14,29.5,44.45668315369432
15,30.0,34.27918043294514
16,30.5,46.15964132156048
17,31.0,41.42984538631532
18,31.5,37.804072030692126
19,32.0,22.89547067528654
20,32.5,35.26161049502992
21,33.0,37.51206611192868
22,33.5,36.76007147954616
23,34.0,39.643027548858655
24,34.5,29.749650431325094
25,35.0,19.560251567796833
26,35.5,23.73641605579243
27,36.0,15.149417949607717
28,36.5,19.202789571683237
29,37.0,19.16833168638064
30,37.5,19.576575056199466
31,38.0,25.651342365158232
32,38.5,22.415682080624748
33,39.0,9.4692411439779
34,39.5,20.054239713780632
35,40.0,8.690691017365818
36,40.5,17.795515193692992
37,41.0,12.213611655934262
38,41.5,14.526944679537129
39,42.0,7.67950977896695
40,42.5,19.32437510179819
41,43.0,11.66760939185181
42,43.5,15.804806232372366
43,44.0,14.942402478315623
44,44.5,16.210668520347276
45,45.0,11.2691535714225
46,45.5,16.084472837642373
47,46.0,15.694722367918176
48,46.5,13.72227935520457
49,47.0,14.647208899769478
50,47.5,12.998734514609037
51,48.0,11.38796094105241
52,48.5,9.541136320344876
53,49.0,16.974163060716776
54,49.5,19.720585443955436
55,50.0,8.412081500191238
56,50.5,16.965534218282908
57,51.0,12.086566228668833
58,51.5,11.863077268927285
59,52.0,16.21319781069357
60,52.5,18.074720986447026
61,53.0,13.188817746128375
62,53.5,20.291330989059233
63,54.0,12.193289503145921
64,54.5,15.202160597398947
65,55.0,20.213911455762627
66,55.5,18.043131794053217
67,56.0,9.430837097765082
68,56.5,9.235213944022345
69,57.0,21.897201630988423
70,57.5,13.211619410000381
71,58.0,22.10103020983002
72,58.5,18.710311315352598
73,59.0,18.243600354029827
74,59.5,7.537318928466375
75,60.0,15.438362180468594
76,60.5,12.393454633956935
77,61.0,6.730699404770023
78,61.5,10.137904079385397
79,62.0,16.767956980890133
80,62.5,13.874570742109494
81,63.0,10.668875734927223
82,63.5,19.016532903436385
83,64.0,8.902242914389255
84,64.5,14.251172221097873
85,65.0,18.46016098595269
86,65.5,11.657771584441063
87,66.0,8.093867075614988
88,66.5,14.914153122213133
89,67.0,7.191657495874343
90,67.5,14.564185604583239
91,68.0,12.311048464506355
92,68.5,8.204435785598626
93,69.0,13.510828934857695
94,69.5,11.963147772633729
95,70.0,12.233901830608458
96,70.5,6.059782554404549
97,71.0,13.86397599317297
98,71.5,9.367089078883122
99,72.0,7.7977081168795594
100,72.5,7.670966643933511
101,73.0,7.884178497454583
102,73.5,5.760529102176191
103,74.0,3.808237268484185
104,74.5,9.37767812994094
105,75.0,5.544750432110586
106,75.5,9.467722010945614
107,76.0,5.562171148986831
108,76.5,9.982083742922047
109,77.0,7.635850262538828
110,77.5,6.857785905792639
111,78.0,4.3992158199941604
112,78.5,2.8110613848611967
113,79.0,5.0276787006044135
114,79.5,5.510394038134879
115,80.0,3.947299924165116
116,80.5,5.067197970627115
117,81.0,3.6761142637624094
118,81.5,6.293927507503113
119,82.0,1.6107092635802105
120,82.5,3.9268823711153824
121,83.0,5.447230640986715
122,83.5,3.3835472268561575
123,84.0,1.8055849129955823
124,84.5,4.900242413882989
125,85.0,1.8512917036187788
126,85.5,3.31291939226888
127,86.0,3.030850200657425
128,86.5,3.309465273322335
129,87.0,4.055157224959412
130,87.5,5.394961591067155
131,88.0,3.4845948104239706
132,88.5,3.8178365849038927
133,89.0,4.376136847482759
134,89.5,5.047271450894398
135,90.0,4.536903368120523
136,90.5,5.237383528181367
137,91.0,4.652754010720407
138,91.5,5.90467323964288
139,92.0,5.157120734845383
140,92.5,4.359736007409466
141,93.0,5.363569059221193
142,93.5,5.023227367779584
143,94.0,4.558575961080733
144,94.5,4.282827481073089
145,95.0,5.0705002697502195
146,95.5,4.5814206731611975
147,96.0,3.490149998915255
148,96.5,4.328665186501795
149,97.0,3.1637991904429903
150,97.5,4.071646098705873
151,98.0,4.0597581852256015
152,98.5,3.3164595157683867
153,99.0,3.2607751192678256
154,99.5,6.213334514354629
155,100.0,5.405052490059526
156,100.5,4.830970187919923
157,101.0,4.143152044483085
158,101.5,2.726894857303119
159,102.0,4.5890799239141575
160,102.5,5.163910893700235
161,103.0,2.155896022810751
162,103.5,5.467995426511622
163,104.0,3.907011604801268
164,104.5,4.727276673036899
165,105.0,4.100652667178824
166,105.5,2.0562143772224335
167,106.0,2.855153766188409
168,106.5,4.59301599589645
169,107.0,4.060877987846588
170,107.5,3.7483931616138624
171,108.0,5.915085012041271
172,108.5,1.909435349876274
173,109.0,2.9592774160455324
174,109.5,3.847528978793725
175,110.0,2.377924714917481
176,110.5,3.825514603992307
177,111.0,2.3406139888710253
178,111.5,2.060098201755512
179,112.0,1.557092394444536
180,112.5,2.990151045983249
181,113.0,2.215112530594261
182,113.5,2.9534903506636767
183,114.0,3.2549230332847467
184,114.5,1.979534794328406
185,115.0,2.3429757449627573
186,115.5,1.8875227652723385
187,116.0,0.4552046382807797
188,116.5,2.3322315611982942
189,117.0,1.9344713952694759
190,117.5,1.388679121742697
191,118.0,1.9103282519583065
192,118.5,2.860061712513978
193,119.0,2.551731303541834
194,119.5,0.9148428641159905
195,120.0,1.2191307617275948
196,120.5,1.6374061724285058
197,121.0,1.8818596693246201
198,121.5,1.493243916423341
199,122.0,1.3666953988120696
200,122.5,2.167151156701434
201,123.0,2.2702023706836583
202,123.5,2.163011682627841
203,124.0,2.173077676675271
204,124.5,3.2058339485060294
205,125.0,2.892600460849084
206,125.5,1.3476001817819392
207,126.0,2.991786952407971
208,126.5,3.359166477132125
209,127.0,3.829497200246018
210,127.5,1.7887658696787405
211,128.0,3.4612041924771435
212,128.5,3.7882189966263735
213,129.0,1.6195101368490679
214,129.5,3.2122963978992427
215,130.0,4.9983068115859375
216,130.5,3.486457291864057
217,131.0,4.684949918606738
218,131.5,4.529236368544683
219,132.0,1.6346411781992427
220,132.5,5.75710447829362
221,133.0,6.585664487491282
222,133.5,5.887934485783566
223,134.0,7.992506392685131
224,134.5,3.290732746020357
225,135.0,4.757902765101525
226,135.5,3.138887291439207
227,136.0,5.217334754942755
228,136.5,5.682518683422129
229,137.0,3.9764856910915913
230,137.5,8.73353417016544
231,138.0,6.4059044712526605
232,138.5,5.374355748420787
233,139.0,3.4905724142261403
234,139.5,4.076288730320869
235,140.0,7.82854988423572
236,140.5,3.6760302979337207
237,141.0,9.651538540310558
238,141.5,6.116519214650791
239,142.0,6.647628867219337
240,142.5,7.112228624373834
241,143.0,6.183505494636502
242,143.5,6.965631373482202
243,144.0,9.600293479309288
244,144.5,8.534421689538279
245,145.0,4.866168218217785
246,145.5,4.949389765569573
247,146.0,3.0106884133723133
248,146.5,6.622098813643503
249,147.0,9.039199256141634
250,147.5,8.489773610690374
251,148.0,4.3251796707755465
252,148.5,5.088883751347831
253,149.0,6.338875479216069
254,149.5,8.73391556884804
255,150.0,8.214751824439766
256,150.5,5.062263676511263
257,151.0,7.114862908556542
258,151.5,5.677820554867584
259,152.0,5.004879517786018
260,152.5,5.578432548732036
261,153.0,7.895162128408934
262,153.5,3.195755917676123
263,154.0,4.355467706175974
264,154.5,7.870021550688721
265,155.0,6.107940341014226
266,155.5,5.105826759835865
267,156.0,9.282729957012824
268,156.5,7.333147372206303
269,157.0,4.247571673931947
270,157.5,7.377201290952561
