,Theta,Input Phase Function
0,12.5,260.5885342590162
1,13.0,220.1999110368051
2,13.5,250.75923621062347
3,14.0,259.529744916299
4,14.5,222.26536526482178
5,15.0,227.33118611548474
6,15.5,219.2092598815215
7,16.0,184.7898027502588
8,16.5,202.44718245353488
9,17.0,218.01074091137252
10,17.5,256.28572726146496
11,18.0,177.29770614398612
12,18.5,166.05882576408604
13,19.0,168.33972642247463
14,19.5,177.94299022043765
15,20.0,126.22697395325584
16,20.5,163.9818861422525
17,21.0,143.66774137841776
18,21.5,131.59461996568956
19,22.0,55.48188770622839
20,22.5,123.50696979391431
21,23.0,102.20107735235592
22,23.5,124.70655796800813
23,24.0,116.76285796624818
24,24.5,90.73056840315141
25,25.0,102.01739933243005
26,25.5,102.09956769217769
27,26.0,82.07389166476727
28,26.5,96.50808783213115
29,27.0,73.49536125495356
30,27.5,89.83384372393121
31,28.0,70.44753362660889
32,28.5,47.40249122229593
33,29.0,68.60981434368595
34,29.5,44.35633845179508
35,30.0,44.110200523595424
36,30.5,45.95506050953486
37,31.0,29.84225763710973
38,31.5,36.69524406757926
39,32.0,34.17329461973149
40,32.5,33.83504439857773
41,33.0,37.98804246044492
42,33.5,28.854860642663294
43,34.0,30.81494528606826
44,34.5,23.994629892558557
45,35.0,23.0666937425505
46,35.5,20.753860634656117
47,36.0,21.4862373283191
48,36.5,20.373431883621063
49,37.0,18.14375443569425
50,37.5,10.101418689082495
51,38.0,26.152396363906817
52,38.5,17.805591541704413
53,39.0,12.542016031809112
54,39.5,17.638165263032747
55,40.0,12.996610378093884
56,40.5,17.828770314319115
57,41.0,14.948097384484972
58,41.5,11.845783612632404
59,42.0,12.737414929307494
60,42.5,15.072869438759646
61,43.0,11.515936117628865
62,43.5,8.764604140156742
63,44.0,10.862058946127927
64,44.5,11.109100293015485
65,45.0,11.663838262289193
66,45.5,13.423238017301813
67,46.0,11.341738417007598
68,46.5,13.475656603269025
69,47.0,10.62105616695517
70,47.5,11.302382879665519
71,48.0,13.185663638802056
72,48.5,15.095454537112238
73,49.0,14.259645367835127
74,49.5,11.200331734147479
75,50.0,14.227512407898505
76,50.5,13.026045367855431
77,51.0,13.430313686609253
78,51.5,14.698123905356377
79,52.0,12.799468407179686
80,52.5,11.070638034166409
81,53.0,11.430785181652922
82,53.5,15.209640813884226
83,54.0,16.308246682249244
84,54.5,15.525538991385973
85,55.0,12.792536751804871
86,55.5,18.06008552124066
87,56.0,18.627166467741105
88,56.5,12.68381546218819
89,57.0,16.243790624213624
90,57.5,15.82328705714182
91,58.0,16.315644014992305
92,58.5,12.831735687104288
93,59.0,13.367036484893093
94,59.5,16.817261825091222
95,60.0,16.10599252655298
96,60.5,14.34812270389701
97,61.0,13.727808465632865
98,61.5,10.59065545179432
99,62.0,17.130736805550917
100,62.5,11.070408115404074
101,63.0,14.979104155792067
102,63.5,14.686694431062534
103,64.0,16.055823494631316
104,64.5,13.187944393235288
105,65.0,14.459965632247464
106,65.5,13.977961137332287
107,66.0,12.003329771575489
108,66.5,11.3196130555062
109,67.0,15.440976053833007
110,67.5,11.270167385910758
111,68.0,13.212827321753373
112,68.5,8.43968964163543
113,69.0,10.728705497537415
114,69.5,10.700194656919368
115,70.0,10.795521185204466
116,70.5,11.402513242843325
117,71.0,9.678889321210328
118,71.5,9.940906656725975
119,72.0,7.358124691606553
120,72.5,7.612192437686879
121,73.0,7.708372584254366
122,73.5,7.8166828530569115
123,74.0,6.161644592625809
124,74.5,8.168234611453794
125,75.0,7.595993910732662
126,75.5,7.348406954512615
127,76.0,7.057548607021052
128,76.5,7.011823923293485
129,77.0,5.483942008051339
130,77.5,4.656937338894581
131,78.0,5.758994138563516
132,78.5,4.860870534074278
133,79.0,4.8305874140992815
134,79.5,4.605636355124953
135,80.0,5.106208031039005
136,80.5,5.1421481504414
137,81.0,3.763702796024248
138,81.5,3.4268886229306417
139,82.0,4.055270776363326
140,82.5,4.518409913952975
141,83.0,4.2928573975005655
142,83.5,3.7967368019794376
143,84.0,3.598476120143975
144,84.5,3.7947520645356074
145,85.0,3.9198715314337287
146,85.5,2.65048378303538
147,86.0,4.234642494054013
148,86.5,4.0662941836363204
149,87.0,3.7302957526446527
150,87.5,2.910910335421077
151,88.0,2.4268091685014888
152,88.5,3.718450202862021
153,89.0,3.8610301752543945
154,89.5,4.2182545450762365
155,90.0,3.610964467101919
156,90.5,4.425322629673855
157,91.0,4.0348235114096624
158,91.5,3.7410279292610427
159,92.0,5.133510443747538
160,92.5,3.047739979867559
161,93.0,3.692059525815152
162,93.5,3.969507736012067
163,94.0,4.763105667930461
164,94.5,3.334110384690138
165,95.0,4.201697215582388
166,95.5,4.1296472407451
167,96.0,4.350514480085879
168,96.5,4.176196457200429
169,97.0,4.239700175434108
170,97.5,5.222877541920029
171,98.0,3.7754260346201827
172,98.5,3.5044543416501828
173,99.0,6.013906415433571
174,99.5,5.659475897105676
175,100.0,4.485795250923382
176,100.5,4.6183616947739505
177,101.0,4.108607151436734
178,101.5,4.469778735189582
179,102.0,4.610231461745416
180,102.5,4.557113668239762
181,103.0,3.3779515751948996
182,103.5,4.728143975669148
183,104.0,3.173025415533954
184,104.5,4.88817609706272
185,105.0,2.9768354864934556
186,105.5,4.505564307005135
187,106.0,3.4982385228851998
188,106.5,3.0958016524227605
189,107.0,3.855300190097201
190,107.5,3.038664891255093
191,108.0,2.353029624526931
192,108.5,3.0353946173067943
193,109.0,2.7756674689393472
194,109.5,2.376328760360423
195,110.0,3.6029397871449476
196,110.5,2.9596699977363325
197,111.0,2.967807079603684
198,111.5,1.9354559635019406
199,112.0,2.4932986427829555
200,112.5,2.0139584944169835
201,113.0,2.519817899448178
202,113.5,2.4493157108618213
203,114.0,1.9704350352756075
204,114.5,2.1670951689843982
205,115.0,2.0671858402953998
206,115.5,2.0656129993008054
207,116.0,1.9866799917246496
208,116.5,1.8903397786132392
209,117.0,1.8849659137676227
210,117.5,1.722297725254763
211,118.0,2.1938977142453306
212,118.5,1.3094275579380312
213,119.0,1.954140992810403
214,119.5,1.6064106850865678
215,120.0,1.5837608849538678
216,120.5,2.111586642403673
217,121.0,1.4397853088113566
218,121.5,2.2740906404868846
219,122.0,1.7538479789925923
220,122.5,2.2663083405827056
221,123.0,2.0725220481790667
222,123.5,2.012033112291106
223,124.0,2.9916247596872174
224,124.5,2.436128706535107
225,125.0,2.1444933376598483
226,125.5,2.337071034575761
227,126.0,2.5489877784950217
228,126.5,2.995708280796951
229,127.0,3.265589570035311
230,127.5,3.3140120630799617
231,128.0,2.657799794788059
232,128.5,3.28803681342331
233,129.0,3.9762346640989574
234,129.5,4.117298063225011
235,130.0,4.91335262724537
236,130.5,4.207727602079636
237,131.0,4.003254346660704
238,131.5,3.2496223615024977
239,132.0,3.746851407294865
240,132.5,4.594764546436483
241,133.0,4.350952880958573
242,133.5,4.317522068565599
243,134.0,5.056002809220887
244,134.5,5.2898226093246095
245,135.0,5.510752439665042
246,135.5,6.279014309213904
247,136.0,5.9770559064358535
248,136.5,6.131447170683512
249,137.0,5.065721674683854
250,137.5,4.279153742187913
251,138.0,7.54316046930943
252,138.5,5.386951380658716
253,139.0,5.698455340104527
254,139.5,6.593541777368079
255,140.0,5.912279989938382
256,140.5,7.247920645270041
257,141.0,7.310726946750554
258,141.5,6.488108661615522
259,142.0,5.6154197748966554
260,142.5,6.142597014742748
261,143.0,6.803700624363402
262,143.5,7.099657983448567
263,144.0,7.884902898800151
264,144.5,4.9234695923648175
265,145.0,3.416507565368094
266,145.5,5.776272594070166
267,146.0,5.725535313604433
268,146.5,4.273934960044979
269,147.0,5.449811865266125
270,147.5,6.061279855163571
271,148.0,5.657206909170583
272,148.5,6.622501741836897
273,149.0,5.640049444576041
274,149.5,7.715542817234944
275,150.0,6.011982847413676
276,150.5,6.26545802175652
277,151.0,4.595848946008456
278,151.5,4.478736579356853
279,152.0,6.924402392738224
280,152.5,6.043393928007046
281,153.0,6.058337032790237
282,153.5,5.865004567900082
283,154.0,4.486157112171532
284,154.5,5.743353783462487
285,155.0,6.095418087302055
286,155.5,4.464232842628863
287,156.0,7.016708338119296
288,156.5,5.2539615679313805
289,157.0,5.582561184129114
290,157.5,5.335051441242893
291,158.0,4.367180106992187
292,158.5,4.6502439265488
293,159.0,4.361375992387211
294,159.5,5.179235497559654
295,160.0,6.7170727425611245
296,160.5,7.250258470795466
297,161.0,6.414143566007565
298,161.5,5.4860700905703546
299,162.0,6.231960308465261
300,162.5,4.6957316303376135
301,163.0,5.297061178418195
302,163.5,5.978535526393679
303,164.0,7.567448031144174
304,164.5,9.310716231156718
305,165.0,8.786644768825868
306,165.5,6.705650580190041
307,166.0,6.0560709764677405
308,166.5,7.93175264432205
309,167.0,6.186322735994506
310,167.5,9.907369455518527
