,n space,k space,Chi Square Statistic
0,"[1.5  1.51 1.52 1.53 1.54 1.55 1.56 1.57 1.58 1.59 1.6  1.61 1.62 1.63
 1.64 1.65 1.66 1.67 1.68 1.69]",[0. 0. 0. 0. 0. 0. 0. 0. 0. 0. 0. 0. 0. 0. 0. 0. 0. 0. 0. 0.],"[3102.55197357 2933.6908212  2733.02725972 2497.00578329 2227.36327772
 1924.47137965 1591.64540198 1231.84912602  846.57043737  505.22697949
  844.83739909 1318.72506493 1822.32611603 2348.59102088 2893.17432105
 3448.80505488 4010.47324878 4576.3922246  5141.34869425 5701.05441569]"
1,"[1.5  1.51 1.52 1.53 1.54 1.55 1.56 1.57 1.58 1.59 1.6  1.61 1.62 1.63
 1.64 1.65 1.66 1.67 1.68 1.69]","[0.01 0.01 0.01 0.01 0.01 0.01 0.01 0.01 0.01 0.01 0.01 0.01 0.01 0.01
 0.01 0.01 0.01 0.01 0.01 0.01]","[2339.22851696 2181.71458166 1990.21650414 1767.58251596 1512.85006668
 1231.201075    920.13166689  636.88069616  831.89764328 1179.0525995
 1562.49139183 1969.74565059 2400.73185439 2852.21450145 3318.56450845
 3801.83843016 4297.66832767 4802.89277609 5309.82067097 5812.97029244]"
2,"[1.5  1.51 1.52 1.53 1.54 1.55 1.56 1.57 1.58 1.59 1.6  1.61 1.62 1.63
 1.64 1.65 1.66 1.67 1.68 1.69]","[0.02 0.02 0.02 0.02 0.02 0.02 0.02 0.02 0.02 0.02 0.02 0.02 0.02 0.02
 0.02 0.02 0.02 0.02 0.02 0.02]","[1655.09123652 1517.08155947 1348.14141576 1150.73259595  971.60396289
  951.6031315  1098.60542931 1347.68788404 1636.96165718 1954.24519364
 2297.33236059 2663.17607753 3046.7841707  3444.9341596  3856.32336442
 4276.72059324 4704.20917867 5135.58583718 5570.50608193 6012.12223845]"
3,"[1.5  1.51 1.52 1.53 1.54 1.55 1.56 1.57 1.58 1.59 1.6  1.61 1.62 1.63
 1.64 1.65 1.66 1.67 1.68 1.69]","[0.03 0.03 0.03 0.03 0.03 0.03 0.03 0.03 0.03 0.03 0.03 0.03 0.03 0.03
 0.03 0.03 0.03 0.03 0.03 0.03]","[1433.93406965 1385.78962128 1368.65758998 1401.27496664 1511.0141553
 1679.62229738 1886.49071213 2122.89507197 2386.36925848 2675.78778119
 2986.92141868 3317.21010202 3663.94124406 4023.8339014  4393.82500962
 4770.95209057 5152.43290221 5536.03447642 5919.87773267 6301.1574419 ]"
4,"[1.5  1.51 1.52 1.53 1.54 1.55 1.56 1.57 1.58 1.59 1.6  1.61 1.62 1.63
 1.64 1.65 1.66 1.67 1.68 1.69]","[0.04 0.04 0.04 0.04 0.04 0.04 0.04 0.04 0.04 0.04 0.04 0.04 0.04 0.04
 0.04 0.04 0.04 0.04 0.04 0.04]","[1927.58639559 1949.87161927 2009.93363387 2110.6405702  2244.10102179
 2407.34103629 2598.03554895 2815.31817713 3057.356187   3321.36335733
 3605.09411006 3906.24907823 4222.34846198 4550.72710592 4888.51946533
 5233.00549871 5581.34430654 5930.8997008  6279.20504572 6623.55704555]"
5,"[1.5  1.51 1.52 1.53 1.54 1.55 1.56 1.57 1.58 1.59 1.6  1.61 1.62 1.63
 1.64 1.65 1.66 1.67 1.68 1.69]","[0.05 0.05 0.05 0.05 0.05 0.05 0.05 0.05 0.05 0.05 0.05 0.05 0.05 0.05
 0.05 0.05 0.05 0.05 0.05 0.05]","[2584.02170529 2623.97822907 2692.3624759  2788.68934473 2911.36951167
 3060.11641201 3234.77549734 3432.83239614 3652.83386209 3892.99315765
 4151.44774318 4425.95048103 4714.25891435 5014.08506281 5322.96844038
 5638.35619151 5957.76702839 6278.75465645 6598.99443809 6916.20224117]"
6,"[1.5  1.51 1.52 1.53 1.54 1.55 1.56 1.57 1.58 1.59 1.6  1.61 1.62 1.63
 1.64 1.65 1.66 1.67 1.68 1.69]","[0.06 0.06 0.06 0.06 0.06 0.06 0.06 0.06 0.06 0.06 0.06 0.06 0.06 0.06
 0.06 0.06 0.06 0.06 0.06 0.06]","[3213.19204372 3249.54809227 3311.03861508 3397.61717066 3509.76926366
 3645.43024565 3803.63231577 3983.20584262 4182.82487809 4400.921175
 4635.92882811 4885.88313795 5148.73156751 5422.42532976 5704.74496209
 5993.405557   6286.16825368 6580.83242142 6875.25099786 7167.35785216]"
7,"[1.5  1.51 1.52 1.53 1.54 1.55 1.56 1.57 1.58 1.59 1.6  1.61 1.62 1.63
 1.64 1.65 1.66 1.67 1.68 1.69]","[0.07 0.07 0.07 0.07 0.07 0.07 0.07 0.07 0.07 0.07 0.07 0.07 0.07 0.07
 0.07 0.07 0.07 0.07 0.07 0.07]","[3781.97885022 3813.01912867 3868.24845953 3946.4101421  4046.95011997
 4169.20295032 4312.27054285 4475.00339286 4656.15294094 4854.30949765
 5067.92710739 5295.34673203 5534.76631442 5784.3179655  6042.0457953
 6305.95169898 6573.99937111 6844.18982606 7114.58782234 7383.33447791]"
8,"[1.5  1.51 1.52 1.53 1.54 1.55 1.56 1.57 1.58 1.59 1.6  1.61 1.62 1.63
 1.64 1.65 1.66 1.67 1.68 1.69]","[0.08 0.08 0.08 0.08 0.08 0.08 0.08 0.08 0.08 0.08 0.08 0.08 0.08 0.08
 0.08 0.08 0.08 0.08 0.08 0.08]","[4296.8524024  4323.07171749 4371.01129357 4440.14449079 4529.93794658
 4639.70537353 4768.60603382 4915.64622193 5079.7439456  5259.59897493
 5453.75260898 5660.67905045 5878.75513199 6106.32670948 6341.59434569
 6582.80648779 6828.12522467 7075.76518693 7324.02542795 7571.09807025]"
9,"[1.5  1.51 1.52 1.53 1.54 1.55 1.56 1.57 1.58 1.59 1.6  1.61 1.62 1.63
 1.64 1.65 1.66 1.67 1.68 1.69]","[0.09 0.09 0.09 0.09 0.09 0.09 0.09 0.09 0.09 0.09 0.09 0.09 0.09 0.09
 0.09 0.09 0.09 0.09 0.09 0.09]","[4763.30830455 4784.16079949 4825.00050086 4885.50884412 4965.28196349
 5063.51166462 5179.41669639 5312.08119163 5460.45924401 5623.38218134
 5799.56848577 5987.64077826 6186.19920942 6393.62800728 6608.3383363
 6828.74145004 7053.18631914 7280.02700882 7507.69159234 7734.60256606]"
10,"[1.5  1.51 1.52 1.53 1.54 1.55 1.56 1.57 1.58 1.59 1.6  1.61 1.62 1.63
 1.64 1.65 1.66 1.67 1.68 1.69]","[0.1 0.1 0.1 0.1 0.1 0.1 0.1 0.1 0.1 0.1 0.1 0.1 0.1 0.1 0.1 0.1 0.1 0.1
 0.1 0.1]","[5185.79021046 5201.68728326 5236.1105615  5288.69973004 5358.97428383
 5446.34113072 5550.22030127 5669.63450121 5803.60015251 5951.05040424
 6110.8189757  6281.65095318 6462.21540564 6651.11953309 6846.92400301
 7048.15908658 7253.34479243 7461.05304656 7669.78469162 7878.08418425]"
11,"[1.5  1.51 1.52 1.53 1.54 1.55 1.56 1.57 1.58 1.59 1.6  1.61 1.62 1.63
 1.64 1.65 1.66 1.67 1.68 1.69]","[0.11 0.11 0.11 0.11 0.11 0.11 0.11 0.11 0.11 0.11 0.11 0.11 0.11 0.11
 0.11 0.11 0.11 0.11 0.11 0.11]","[5569.20968544 5580.48312555 5608.94118627 5654.24024696 5715.92802733
 5793.44287129 5886.11452145 5993.16655448 6113.77339072 6247.00847442
 6391.70099    6546.70913444 6710.82344232 6882.77903031 7061.26883725
 7244.95754632 7432.49585336 7622.53473615 7813.73938445 8004.80478938]"
12,"[1.5  1.51 1.52 1.53 1.54 1.55 1.56 1.57 1.58 1.59 1.6  1.61 1.62 1.63
 1.64 1.65 1.66 1.67 1.68 1.69]","[0.12 0.12 0.12 0.12 0.12 0.12 0.12 0.12 0.12 0.12 0.12 0.12 0.12 0.12
 0.12 0.12 0.12 0.12 0.12 0.12]","[5917.81097562 5924.80266811 5947.745226   5986.31345838 6040.08362749
 6108.53333807 6191.0426827  6286.89677358 6395.28974323 6515.33024314
 6646.04841193 6786.44949716 6935.46140472 7091.85190948 7254.4311113
 7421.9834536  7593.27951667 7767.08843316 7942.19004794 8117.38655519]"
13,"[1.5  1.51 1.52 1.53 1.54 1.55 1.56 1.57 1.58 1.59 1.6  1.61 1.62 1.63
 1.64 1.65 1.66 1.67 1.68 1.69]","[0.13 0.13 0.13 0.13 0.13 0.13 0.13 0.13 0.13 0.13 0.13 0.13 0.13 0.13
 0.13 0.13 0.13 0.13 0.13 0.13]","[6235.28007322 6238.33166847 6256.19808522 6288.57344767 6335.06226185
 6395.17974193 6468.35320356 6553.92462387 6651.15443005 6759.22653639
 6877.25460438 7004.28945554 7139.32752426 7281.32019916 7429.18386958
 7581.86277242 7738.20876382 7897.0623744  8057.30681112 8217.84346555]"
14,"[1.5  1.51 1.52 1.53 1.54 1.55 1.56 1.57 1.58 1.59 1.6  1.61 1.62 1.63
 1.64 1.65 1.66 1.67 1.68 1.69]","[0.14 0.14 0.14 0.14 0.14 0.14 0.14 0.14 0.14 0.14 0.14 0.14 0.14 0.14
 0.14 0.14 0.14 0.14 0.14 0.14]","[6524.83254538 6524.27837132 6537.49177451 6564.186467   6603.99447105
 6656.46675469 6721.07478063 6797.21304427 6884.20264681 6981.29591575
 7087.68204937 7202.49372616 7324.8145854  7453.68745449 7588.12317226
 7727.10983666 7869.62229167 8014.63166115 8161.11473758 8308.06304103]"
15,"[1.5  1.51 1.52 1.53 1.54 1.55 1.56 1.57 1.58 1.59 1.6  1.61 1.62 1.63
 1.64 1.65 1.66 1.67 1.68 1.69]","[0.15 0.15 0.15 0.15 0.15 0.15 0.15 0.15 0.15 0.15 0.15 0.15 0.15 0.15
 0.15 0.15 0.15 0.15 0.15 0.15]","[6789.28497818 6785.44730467 6794.41086028 6815.90878135 6849.59958934
 6895.06803885 6951.82675307 7019.31870374 7096.92056898 7183.94697559
 7279.65560402 7383.25310515 7493.90175085 7610.72671469 7732.82385815
 7859.26788055 7989.12067908 8121.43975965 8255.28653869 8389.73438153]"
16,"[1.5  1.51 1.52 1.53 1.54 1.55 1.56 1.57 1.58 1.59 1.6  1.61 1.62 1.63
 1.64 1.65 1.66 1.67 1.68 1.69]","[0.16 0.16 0.16 0.16 0.16 0.16 0.16 0.16 0.16 0.16 0.16 0.16 0.16 0.16
 0.16 0.16 0.16 0.16 0.16 0.16]","[7031.1136174  7024.29962557 7029.39436164 7046.14991755 7074.25011047
 7113.31147043 7162.88491102 7222.45812595 7291.45873496 7369.25818139
 7455.1763606  7548.48693544 7648.42327255 7754.18491317 7864.94447435
 7979.85486257 8098.05667225 8218.68563612 8340.879994   8463.78765064]"
17,"[1.5  1.51 1.52 1.53 1.54 1.55 1.56 1.57 1.58 1.59 1.6  1.61 1.62 1.63
 1.64 1.65 1.66 1.67 1.68 1.69]","[0.17 0.17 0.17 0.17 0.17 0.17 0.17 0.17 0.17 0.17 0.17 0.17 0.17 0.17
 0.17 0.17 0.17 0.17 0.17 0.17]","[7252.50288887 7243.00287276 7244.58661356 7257.02448249 7280.02427869
 7313.2323015  7356.23501904 7408.56136419 7469.68567444 7539.03127419
 7615.97467983 7699.8503895  7789.95620089 7885.55898436 7985.9008242
 8090.20542925 8197.68470617 8307.54538417 8418.99557911 8531.25118833]"
18,"[1.5  1.51 1.52 1.53 1.54 1.55 1.56 1.57 1.58 1.59 1.6  1.61 1.62 1.63
 1.64 1.65 1.66 1.67 1.68 1.69]","[0.18 0.18 0.18 0.18 0.18 0.18 0.18 0.18 0.18 0.18 0.18 0.18 0.18 0.18
 0.18 0.18 0.18 0.18 0.18 0.18]","[7455.40268978 7443.47228849 7441.87937624 7450.39493693 7468.74938319
 7496.61681748 7533.61667123 7579.31588985 7633.23167376 7694.83477191
 7763.55330905 7838.77711305 7919.86249378 8006.13741174 8096.9069629
 8191.45909665 8289.0704772  8389.01239497 8490.55663346 8592.98120001]"
19,"[1.5  1.51 1.52 1.53 1.54 1.55 1.56 1.57 1.58 1.59 1.6  1.61 1.62 1.63
 1.64 1.65 1.66 1.67 1.68 1.69]","[0.19 0.19 0.19 0.19 0.19 0.19 0.19 0.19 0.19 0.19 0.19 0.19 0.19 0.19
 0.19 0.19 0.19 0.19 0.19 0.19]","[7641.55138864 7627.42945318 7622.94693365 7627.90714515 7642.03764455
 7665.03843491 7696.55946978 7736.20272111 7783.52473027 7838.03963668
 7899.2226664  7966.51405067 8039.32333261 8117.03400913 8199.00844567
 8284.59299354 8373.12323415 8463.92927098 8556.34098967 8649.69320835]"
