,Theta,Input Phase Function
0,0.0,333.527983669648
1,0.5,332.8118795234532
2,1.0,333.1818598656261
3,1.5,334.74539268257627
4,2.0,331.85995708049103
5,2.5,330.4069705280696
6,3.0,326.60058115315576
7,3.5,325.0799790723999
8,4.0,323.8764712876643
9,4.5,321.35056555720587
10,5.0,317.61972613421693
11,5.5,317.13631519375735
12,6.0,314.9998674924692
13,6.5,309.3822707041294
14,7.0,304.28033454510154
15,7.5,301.75227024473173
16,8.0,297.352994533492
17,8.5,290.1128989172458
18,9.0,285.392615505498
19,9.5,283.67278183205383
20,10.0,275.99575471004783
21,10.5,272.66977525392906
22,11.0,264.58989444269713
23,11.5,259.9641049524564
24,12.0,252.2527510210834
25,12.5,246.53721447644122
26,13.0,244.25420465578995
27,13.5,234.04676361570583
28,14.0,230.6790864245084
29,14.5,220.97464037338872
30,15.0,220.58698746244198
31,15.5,210.3403086535321
32,16.0,204.13928151222308
33,16.5,197.27578248104052
34,17.0,188.15995356377434
35,17.5,182.968339002209
36,18.0,176.29154849532628
37,18.5,172.12590552898732
38,19.0,165.7568812033953
39,19.5,154.09518334627214
40,20.0,151.1617612112849
41,20.5,146.61656876299386
42,21.0,141.01773571851848
43,21.5,132.49315387731306
44,22.0,127.47641778379369
45,22.5,120.48373317658624
46,23.0,114.30197982862107
47,23.5,109.00554306952151
48,24.0,105.90550381985193
49,24.5,99.72986623274036
50,25.0,94.4856467902565
51,25.5,90.33323830352678
52,26.0,86.27235047403765
53,26.5,76.98791426129188
54,27.0,76.84027327652734
55,27.5,72.26320540799196
56,28.0,65.41868219979942
57,28.5,65.7212562995512
58,29.0,58.396922741605785
59,29.5,55.50164972999319
60,30.0,53.16558043016312
61,30.5,48.131562698956536
62,31.0,46.40031115156818
63,31.5,41.9273610408556
64,32.0,39.10465925356594
65,32.5,38.09018030075076
66,33.0,35.01832444939831
67,33.5,29.961930071118484
68,34.0,31.98245509923067
69,34.5,22.966849665638566
70,35.0,29.71794445823745
71,35.5,23.86657666383464
72,36.0,22.31654701481379
73,36.5,23.559981905506717
74,37.0,19.802572384966368
75,37.5,17.84128465687531
76,38.0,20.742943640855792
77,38.5,18.15294989233321
78,39.0,12.600933867881718
79,39.5,12.47511444143506
80,40.0,16.358077503176276
81,40.5,13.623158106742132
82,41.0,15.788685547886327
83,41.5,11.36297522741792
84,42.0,11.731309375176837
85,42.5,12.214167355801935
86,43.0,14.184021853372695
87,43.5,7.934889211575257
88,44.0,10.411011949656515
89,44.5,13.343163845372343
90,45.0,15.285389118600705
91,45.5,13.52213407963976
92,46.0,13.588490668511227
93,46.5,14.254239781545543
94,47.0,16.753300757681835
95,47.5,14.399820636980815
96,48.0,12.799763118381568
97,48.5,12.606860417512198
98,49.0,15.74235146639198
99,49.5,16.92246181981065
100,50.0,10.778906365065701
101,50.5,14.709594741826947
102,51.0,15.059197772705193
103,51.5,12.647599868655647
104,52.0,17.54541871170454
105,52.5,17.5182745310797
106,53.0,15.557211765625828
107,53.5,17.70401224972641
108,54.0,12.585281086693001
109,54.5,15.401690654876054
110,55.0,14.979068602255374
111,55.5,15.141138777027994
112,56.0,14.439113283776143
113,56.5,17.952602327828846
114,57.0,15.350649508345413
115,57.5,16.35616122507006
116,58.0,13.107633270273272
117,58.5,12.86935927294568
118,59.0,17.401049506119723
119,59.5,15.818228370078915
120,60.0,12.002457074131009
121,60.5,14.19165702635698
122,61.0,14.4450502955406
123,61.5,16.85893431124868
124,62.0,15.652538371160261
125,62.5,17.847794763234653
126,63.0,16.66387372359597
127,63.5,13.176364285504368
128,64.0,15.948548894729843
129,64.5,12.582556472189093
130,65.0,14.514856318759392
131,65.5,12.062258546457164
132,66.0,13.574267632034115
133,66.5,12.654869096477805
134,67.0,10.128400965166051
135,67.5,10.05496974431213
136,68.0,13.860619244301443
137,68.5,13.061451446385222
138,69.0,10.130195387803651
139,69.5,12.926436638211902
140,70.0,10.797667291958481
141,70.5,9.418575152338558
142,71.0,7.458868074347045
143,71.5,7.627657409345415
144,72.0,7.974397320358284
145,72.5,6.531760368812002
146,73.0,7.59692363452992
147,73.5,8.74035562365731
148,74.0,5.734123492220089
149,74.5,8.83227825229226
150,75.0,6.091262250141055
151,75.5,5.701068557512219
152,76.0,7.081253688379405
153,76.5,6.0412227829070995
154,77.0,4.441251838347025
155,77.5,3.741548864369414
156,78.0,3.284590112906043
157,78.5,5.43715233866331
158,79.0,7.1106732556235475
159,79.5,4.721036669201742
160,80.0,6.359795921898652
161,80.5,2.4282342464049487
162,81.0,3.3536588557973253
163,81.5,4.266646299592734
164,82.0,3.7083009482354496
165,82.5,4.168953766461123
166,83.0,2.1598981687200784
167,83.5,8.130458974776403
168,84.0,2.773809583891572
169,84.5,5.1396286820113755
170,85.0,5.909759351752776
171,85.5,5.6124271053967565
172,86.0,2.96996956638832
173,86.5,3.263633465215121
174,87.0,3.6678175661218173
175,87.5,6.261827512625418
176,88.0,4.028875200377622
177,88.5,3.9727007362715843
178,89.0,6.956969529381744
179,89.5,3.9925182840691624
180,90.0,3.8737210951670638
181,90.5,4.757414458580142
182,91.0,4.252525131846962
183,91.5,5.386823728623189
184,92.0,5.36327290935323
185,92.5,3.3425267107512333
186,93.0,1.2837422362071496
187,93.5,3.1647336903119356
188,94.0,5.4404171540318185
189,94.5,5.36970480690427
190,95.0,3.95818312619104
191,95.5,4.030654171035668
192,96.0,3.3999474111050425
193,96.5,6.0727775738516065
194,97.0,2.9135898856471165
195,97.5,5.513845766056708
196,98.0,1.7258796340812772
197,98.5,6.773036633369072
198,99.0,1.3053665565469394
199,99.5,3.4101174790147963
200,100.0,4.94082805094743
201,100.5,4.538961984967775
202,101.0,2.3807572914413146
203,101.5,0.5977239855031593
204,102.0,3.922450326322254
205,102.5,4.275743168300044
206,103.0,5.167313656551807
207,103.5,5.017415708262718
208,104.0,4.548198211671812
209,104.5,-2.6825980558199563
210,105.0,3.7367375949143953
211,105.5,2.827284033893734
212,106.0,5.4458317704118535
213,106.5,-0.8055578667739525
214,107.0,3.491714539372736
215,107.5,4.958059691822424
216,108.0,2.6664541431287496
217,108.5,5.937821769645017
218,109.0,1.5910976696562207
219,109.5,5.108853387734676
220,110.0,2.792085463406075
221,110.5,5.71676480678582
222,111.0,-0.21322397521654501
223,111.5,5.673417031922886
224,112.0,2.2332104934796977
225,112.5,1.878324285664692
226,113.0,3.9582465381797043
227,113.5,1.146521029922412
228,114.0,2.027826573279381
229,114.5,1.6970960120056624
230,115.0,1.607954289159287
231,115.5,0.059379657397892194
232,116.0,1.933629211215249
233,116.5,1.0379201847307975
234,117.0,1.5468620452144053
235,117.5,1.9739822849274438
236,118.0,-2.4416201941621827
237,118.5,0.8338372591710471
238,119.0,0.28774864226814656
239,119.5,1.213521555771554
240,120.0,2.2822659603021718
241,120.5,1.4905780170857552
242,121.0,0.037159333891959356
243,121.5,3.1923369165548268
244,122.0,2.2285647952778604
245,122.5,1.4962007279996297
246,123.0,2.126388119735525
247,123.5,2.845737107169803
248,124.0,2.211077554237192
249,124.5,5.995586743280189
250,125.0,3.146604367024752
251,125.5,4.1926557170609975
252,126.0,2.076170298104182
253,126.5,0.027343778282302278
254,127.0,-0.19855150431177648
255,127.5,3.402152628823032
256,128.0,4.408099411739097
257,128.5,3.9900435965111383
258,129.0,1.9321992924079545
259,129.5,5.474320417742187
260,130.0,5.536049294008435
261,130.5,6.276380632149838
262,131.0,1.7667443225560473
263,131.5,0.19873299940192002
264,132.0,8.501773507712285
265,132.5,2.2825435220711703
266,133.0,4.065322474638837
267,133.5,5.094330536906132
268,134.0,4.00977011705618
269,134.5,7.255591546147279
270,135.0,5.367332647850631
271,135.5,5.9774177102682575
272,136.0,6.810487762889607
273,136.5,5.713710258583599
274,137.0,4.344697253083318
275,137.5,8.100633279828218
276,138.0,3.796489428198349
277,138.5,5.950647697961151
278,139.0,4.108679544265165
279,139.5,8.018186313604398
280,140.0,4.908967572941991
281,140.5,8.079975302150855
282,141.0,10.297566205050307
283,141.5,4.7145962653983915
284,142.0,6.820333906773767
285,142.5,5.765161273861684
286,143.0,8.830280087504393
287,143.5,7.057163124727053
288,144.0,8.38261664869686
289,144.5,9.595119967611602
290,145.0,5.924186578803514
291,145.5,4.056844467315885
292,146.0,6.229997237314054
293,146.5,7.565533819684782
294,147.0,7.889503239797108
295,147.5,7.2380018681791505
296,148.0,5.232107022041383
297,148.5,6.315947238110146
298,149.0,7.076625020985358
299,149.5,6.1470376725281355
300,150.0,3.575460471896534
301,150.5,3.5587187078563214
302,151.0,4.792068859519175
303,151.5,7.79279266106444
304,152.0,5.2740744285218
305,152.5,3.848214783313076
306,153.0,6.218425789434407
307,153.5,3.496016242800923
308,154.0,4.963390466808519
309,154.5,4.289920701026313
310,155.0,6.491428735581689
311,155.5,8.334770754928243
312,156.0,7.203509952513133
313,156.5,7.327355083881185
314,157.0,5.627849095811414
315,157.5,6.827928627774535
316,158.0,4.1623609486402104
317,158.5,3.032500042738965
318,159.0,7.348184873745723
319,159.5,7.861651343435166
320,160.0,3.44993003507308
321,160.5,7.203199280583101
322,161.0,6.047738585506417
323,161.5,6.745227257156919
324,162.0,4.433355503871043
325,162.5,4.554863202539352
326,163.0,4.597758464345599
327,163.5,9.566091048419343
328,164.0,5.953868388941938
329,164.5,7.59100125903573
330,165.0,5.454648236323063
331,165.5,7.731360639948584
332,166.0,5.725261532087205
333,166.5,8.303561663674792
334,167.0,9.48873166572106
335,167.5,8.331098841905757
336,168.0,6.310868360097873
337,168.5,7.669866850723568
338,169.0,5.948568990477905
339,169.5,7.915984059550663
340,170.0,7.657996075167121
341,170.5,7.501590841974305
342,171.0,10.839749006218447
343,171.5,6.261809185891968
344,172.0,9.671181693488418
345,172.5,8.727353922957986
346,173.0,11.946219846083972
347,173.5,12.182467812965552
348,174.0,7.68638408020848
349,174.5,11.310278538252108
350,175.0,7.6366572520214895
351,175.5,10.338088431416764
352,176.0,11.467851200746173
353,176.5,11.240432719372874
354,177.0,12.409678221191902
355,177.5,11.421489444919795
356,178.0,11.85021302438646
357,178.5,9.688062447828754
358,179.0,11.953915470572522
359,179.5,14.275587746139873
360,180.0,12.342089698364433
