,n space,k space,Chi Square Statistic
0,"[1.5  1.51 1.52 1.53 1.54 1.55 1.56 1.57 1.58 1.59 1.6  1.61 1.62 1.63
 1.64 1.65 1.66 1.67 1.68 1.69]",[0. 0. 0. 0. 0. 0. 0. 0. 0. 0. 0. 0. 0. 0. 0. 0. 0. 0. 0. 0.],"[3107.70792368 2939.66874383 2735.99082106 2495.96363231 2220.85612945
 1912.21967846 1572.62406188 1208.92277344  823.96013555  507.53930371
  880.87046452 1360.24551993 1866.47243087 2395.48744168 2940.64540303
 3496.35670044 4059.65817386 4625.50882993 5190.51388295 5750.54136599]"
1,"[1.5  1.51 1.52 1.53 1.54 1.55 1.56 1.57 1.58 1.59 1.6  1.61 1.62 1.63
 1.64 1.65 1.66 1.67 1.68 1.69]","[0.01 0.01 0.01 0.01 0.01 0.01 0.01 0.01 0.01 0.01 0.01 0.01 0.01 0.01
 0.01 0.01 0.01 0.01 0.01 0.01]","[2337.07266895 2185.09103633 1998.37875952 1777.97091223 1523.86110964
 1242.34989056  935.87394775  680.02256536  895.2128686  1245.58493245
 1625.6905521  2033.65192556 2464.48771652 2915.28513502 3381.9675164
 3870.1135251  4370.01974819 4874.393111   5379.94399072 5882.04631581]"
2,"[1.5  1.51 1.52 1.53 1.54 1.55 1.56 1.57 1.58 1.59 1.6  1.61 1.62 1.63
 1.64 1.65 1.66 1.67 1.68 1.69]","[0.02 0.02 0.02 0.02 0.02 0.02 0.02 0.02 0.02 0.02 0.02 0.02 0.02 0.02
 0.02 0.02 0.02 0.02 0.02 0.02]","[1647.1056455  1512.0927618  1347.09745158 1156.54804809  992.02559179
 1008.43080445 1171.2560954  1429.53788512 1721.64772618 2042.33865199
 2386.90899093 2752.20006517 3134.80377003 3531.80468096 3939.7233324
 4358.0830158  4785.64890755 5218.13658835 5654.62175771 6101.2660602 ]"
3,"[1.5  1.51 1.52 1.53 1.54 1.55 1.56 1.57 1.58 1.59 1.6  1.61 1.62 1.63
 1.64 1.65 1.66 1.67 1.68 1.69]","[0.03 0.03 0.03 0.03 0.03 0.03 0.03 0.03 0.03 0.03 0.03 0.03 0.03 0.03
 0.03 0.03 0.03 0.03 0.03 0.03]","[1452.17354586 1409.94023409 1402.52886447 1451.16779833 1573.11702996
 1749.83282601 1961.1391874  2202.37748388 2469.99928731 2761.54371708
 3074.49657383 3406.42515696 3754.35355946 4115.25283103 4486.09810266
 4863.76786221 5245.55540172 5628.35505466 6010.24451161 6392.30744883]"
4,"[1.5  1.51 1.52 1.53 1.54 1.55 1.56 1.57 1.58 1.59 1.6  1.61 1.62 1.63
 1.64 1.65 1.66 1.67 1.68 1.69]","[0.04 0.04 0.04 0.04 0.04 0.04 0.04 0.04 0.04 0.04 0.04 0.04 0.04 0.04
 0.04 0.04 0.04 0.04 0.04 0.04]","[1973.92353181 2000.55355183 2069.27760807 2174.88957109 2312.27659741
 2479.19481106 2672.88194536 2892.19054406 3135.26779901 3400.14877806
 3684.96561434 3987.10729299 4303.96820246 4632.97194535 4971.45177474
 5316.6022005  5665.87090161 6016.22004388 6364.9780611  6709.63342744]"
5,"[1.5  1.51 1.52 1.53 1.54 1.55 1.56 1.57 1.58 1.59 1.6  1.61 1.62 1.63
 1.64 1.65 1.66 1.67 1.68 1.69]","[0.05 0.05 0.05 0.05 0.05 0.05 0.05 0.05 0.05 0.05 0.05 0.05 0.05 0.05
 0.05 0.05 0.05 0.05 0.05 0.05]","[2644.13855431 2685.63650923 2755.9055043  2853.97090683 2978.77014892
 3129.72697519 3305.58605689 3504.78216875 3725.81294977 3966.82740441
 4225.90154784 4501.01984854 4789.9958218  5090.30637149 5399.51355401
 5715.18623431 6034.95289323 6356.20970782 6676.64653529 6993.91056994]"
6,"[1.5  1.51 1.52 1.53 1.54 1.55 1.56 1.57 1.58 1.59 1.6  1.61 1.62 1.63
 1.64 1.65 1.66 1.67 1.68 1.69]","[0.06 0.06 0.06 0.06 0.06 0.06 0.06 0.06 0.06 0.06 0.06 0.06 0.06 0.06
 0.06 0.06 0.06 0.06 0.06 0.06]","[3277.10250104 3314.67097743 3377.52310694 3465.25226066 3577.44165478
 3713.16603954 3871.57338772 4051.54190249 4251.65707607 4470.25362622
 4705.86759467 4956.42303054 5219.83754086 5493.92979718 5776.49174977
 6065.30259437 6358.13935065 6652.81295339 6947.29796311 7239.64895623]"
7,"[1.5  1.51 1.52 1.53 1.54 1.55 1.56 1.57 1.58 1.59 1.6  1.61 1.62 1.63
 1.64 1.65 1.66 1.67 1.68 1.69]","[0.07 0.07 0.07 0.07 0.07 0.07 0.07 0.07 0.07 0.07 0.07 0.07 0.07 0.07
 0.07 0.07 0.07 0.07 0.07 0.07]","[3848.85761126 3880.6208569  3935.74040719 4013.85485099 4114.41060509
 4236.63154685 4379.65125154 4542.48829097 4723.76161587 4922.06137051
 5135.9530479  5363.7304093  5603.52869093 5853.38721246 6111.37861399
 6375.6065812  6643.97879241 6914.46276032 7185.11317876 7454.04950672]"
8,"[1.5  1.51 1.52 1.53 1.54 1.55 1.56 1.57 1.58 1.59 1.6  1.61 1.62 1.63
 1.64 1.65 1.66 1.67 1.68 1.69]","[0.08 0.08 0.08 0.08 0.08 0.08 0.08 0.08 0.08 0.08 0.08 0.08 0.08 0.08
 0.08 0.08 0.08 0.08 0.08 0.08]","[4364.47250161 4390.66546955 4438.46942357 4507.48986191 4597.17716889
 4706.88795453 4835.8348276  4982.93402938 5147.04410334 5326.9126
 5521.21239625 5728.29959086 5946.54998915 6174.26113967 6409.67341696
 6650.99459894 6896.48454368 7144.33663417 7392.70118067 7639.8649021 ]"
9,"[1.5  1.51 1.52 1.53 1.54 1.55 1.56 1.57 1.58 1.59 1.6  1.61 1.62 1.63
 1.64 1.65 1.66 1.67 1.68 1.69]","[0.09 0.09 0.09 0.09 0.09 0.09 0.09 0.09 0.09 0.09 0.09 0.09 0.09 0.09
 0.09 0.09 0.09 0.09 0.09 0.09]","[4830.48280708 4851.41690688 4892.33581506 4952.86623919 5032.52354916
 5130.67057749 5246.50058598 5379.0988876  5527.51892102 5690.52057528
 5866.79629809 6054.97896069 6253.6165137  6461.14081124 6676.02529321
 6896.57999839 7121.16695408 7348.15601695 7575.94144303 7802.9593889 ]"
10,"[1.5  1.51 1.52 1.53 1.54 1.55 1.56 1.57 1.58 1.59 1.6  1.61 1.62 1.63
 1.64 1.65 1.66 1.67 1.68 1.69]","[0.1 0.1 0.1 0.1 0.1 0.1 0.1 0.1 0.1 0.1 0.1 0.1 0.1 0.1 0.1 0.1 0.1 0.1
 0.1 0.1]","[5252.74646427 5268.64423541 5303.06596074 5355.70842916 5426.0602032
 5513.49413228 5617.30175402 5736.65873789 5870.57488838 6017.98406812
 6177.74863918 6348.67093891 6529.33390413 6718.35783921 6914.3205814
 7115.72083721 7321.07410499 7528.89851838 7737.73091244 7946.14204067]"
11,"[1.5  1.51 1.52 1.53 1.54 1.55 1.56 1.57 1.58 1.59 1.6  1.61 1.62 1.63
 1.64 1.65 1.66 1.67 1.68 1.69]","[0.11 0.11 0.11 0.11 0.11 0.11 0.11 0.11 0.11 0.11 0.11 0.11 0.11 0.11
 0.11 0.11 0.11 0.11 0.11 0.11]","[5635.96248864 5647.24316794 5675.70598628 5721.00809935 5782.69795054
 5860.23147589 5952.97735116 6060.10261238 6180.7370575  6313.93584316
 6458.59939939 6613.58636831 6777.69742675 6949.69785938 7128.28966636
 7312.10102126 7499.79421548 7689.99244922 7881.36024355 8072.58965923]"
12,"[1.5  1.51 1.52 1.53 1.54 1.55 1.56 1.57 1.58 1.59 1.6  1.61 1.62 1.63
 1.64 1.65 1.66 1.67 1.68 1.69]","[0.12 0.12 0.12 0.12 0.12 0.12 0.12 0.12 0.12 0.12 0.12 0.12 0.12 0.12
 0.12 0.12 0.12 0.12 0.12 0.12]","[5984.37853246 5991.37503996 6014.3271981  6052.90308509 6106.67956625
 6175.13480298 6257.6493921  6353.50889513 6461.94845222 6582.05765619
 6712.84329206 6853.30756268 7002.30771274 7158.69302599 7321.27959414
 7488.88524168 7660.24133911 7834.14076709 8009.39092234 8184.73880289]"
13,"[1.5  1.51 1.52 1.53 1.54 1.55 1.56 1.57 1.58 1.59 1.6  1.61 1.62 1.63
 1.64 1.65 1.66 1.67 1.68 1.69]","[0.13 0.13 0.13 0.13 0.13 0.13 0.13 0.13 0.13 0.13 0.13 0.13 0.13 0.13
 0.13 0.13 0.13 0.13 0.13 0.13]","[6301.72179997 6304.75763494 6322.60682679 6354.99341072 6401.49188179
 6461.61792652 6534.79929524 6620.3783598  6717.61590269 6825.69615686
 6943.73307044 7070.82141457 7205.9212139  7348.00203171 7495.96270632
 7648.68440354 7805.04775328 7963.96246099 8124.27375432 8284.89897952]"
14,"[1.5  1.51 1.52 1.53 1.54 1.55 1.56 1.57 1.58 1.59 1.6  1.61 1.62 1.63
 1.64 1.65 1.66 1.67 1.68 1.69]","[0.14 0.14 0.14 0.14 0.14 0.14 0.14 0.14 0.14 0.14 0.14 0.14 0.14 0.14
 0.14 0.14 0.14 0.14 0.14 0.14]","[6591.15441008 6590.58891401 6603.78798882 6630.46573743 6670.2669558
 6722.75024799 6787.3683771  6863.51618621 6950.51509578 7047.61772606
 7154.01354508 7268.83548249 7391.16741537 7520.05240092 7654.52724986
 7793.57853892 7936.17796858 8081.27227712 8227.83828654 8374.90145364]"
15,"[1.5  1.51 1.52 1.53 1.54 1.55 1.56 1.57 1.58 1.59 1.6  1.61 1.62 1.63
 1.64 1.65 1.66 1.67 1.68 1.69]","[0.15 0.15 0.15 0.15 0.15 0.15 0.15 0.15 0.15 0.15 0.15 0.15 0.15 0.15
 0.15 0.15 0.15 0.15 0.15 0.15]","[6855.49390746 6851.64846495 6860.60142284 6882.08624571 6915.76178736
 6961.21313542 7017.97709435 7085.48021562 7163.09278822 7250.12970716
 7345.84890476 7449.45727076 7560.11730662 7676.95441016 7799.06466546
 7925.52299574 8055.39152564 8187.7279931  8321.63020291 8456.15409361]"
16,"[1.5  1.51 1.52 1.53 1.54 1.55 1.56 1.57 1.58 1.59 1.6  1.61 1.62 1.63
 1.64 1.65 1.66 1.67 1.68 1.69]","[0.16 0.16 0.16 0.16 0.16 0.16 0.16 0.16 0.16 0.16 0.16 0.16 0.16 0.16
 0.16 0.16 0.16 0.16 0.16 0.16]","[7097.28038456 7090.42608016 7095.48535701 7112.23100335 7140.31921199
 7179.3668015  7228.92497635 7288.48764746 7357.50021686 7435.31126117
 7521.24090973 7614.5630504  7714.51126869 7820.28532134 7931.05804006
 8045.98254731 8164.19965618 8284.84532119 8407.05800654 8529.9858423 ]"
17,"[1.5  1.51 1.52 1.53 1.54 1.55 1.56 1.57 1.58 1.59 1.6  1.61 1.62 1.63
 1.64 1.65 1.66 1.67 1.68 1.69]","[0.17 0.17 0.17 0.17 0.17 0.17 0.17 0.17 0.17 0.17 0.17 0.17 0.17 0.17
 0.17 0.17 0.17 0.17 0.17 0.17]","[7318.65584672 7309.12008394 7310.66596104 7323.06415818 7346.02280346
 7379.20296905 7422.19332484 7474.50611891 7535.61595285 7604.96445582
 7681.92022983 7765.80826703 7855.92657178 7951.54221917 8051.89749799
 8156.21632274 8263.71080775 8373.58789182 8485.05590171 8597.33094513]"
18,"[1.5  1.51 1.52 1.53 1.54 1.55 1.56 1.57 1.58 1.59 1.6  1.61 1.62 1.63
 1.64 1.65 1.66 1.67 1.68 1.69]","[0.18 0.18 0.18 0.18 0.18 0.18 0.18 0.18 0.18 0.18 0.18 0.18 0.18 0.18
 0.18 0.18 0.18 0.18 0.18 0.18]","[7521.52276764 7509.5773814  7507.95067746 7516.43076475 7534.74834505
 7562.57782639 7599.53895952 7645.19902012 7699.09063775 7760.68119552
 7829.38965355 7904.62658189 7985.72514996 8072.01351112 8162.79695432
 8257.36362299 8354.99037672 8454.94870239 8556.51058017 8658.95421261]"
19,"[1.5  1.51 1.52 1.53 1.54 1.55 1.56 1.57 1.58 1.59 1.6  1.61 1.62 1.63
 1.64 1.65 1.66 1.67 1.68 1.69]","[0.19 0.19 0.19 0.19 0.19 0.19 0.19 0.19 0.19 0.19 0.19 0.19 0.19 0.19
 0.19 0.19 0.19 0.19 0.19 0.19]","[7707.59768624 7693.49654282 7689.00784019 7693.9362289  7708.03360763
 7731.0002506  7762.48639599 7802.09431149 7849.38084303 7903.86044108
 7965.00864699 8032.27516292 8105.08798265 8182.81276947 8264.80167368
 8350.40122829 8438.94719728 8529.76986708 8622.19930571 8715.57051147]"
