,n space,k space,Chi Square Statistic
0,"[1.5  1.51 1.52 1.53 1.54 1.55 1.56 1.57 1.58 1.59 1.6  1.61 1.62 1.63
 1.64 1.65 1.66 1.67 1.68 1.69]",[0. 0. 0. 0. 0. 0. 0. 0. 0. 0. 0. 0. 0. 0. 0. 0. 0. 0. 0. 0.],"[2713.5409986  2538.07918871 2329.16666014 2087.25781588 1813.04501942
 1507.48707479 1171.83041938  807.62153781  416.70983293   10.71521708
  436.40351659  893.43195364 1366.99275159 1854.043527   2351.33343838
 2855.47543784 3363.12089854 3870.79996008 4376.81981331 4878.33457264]"
1,"[1.5  1.51 1.52 1.53 1.54 1.55 1.56 1.57 1.58 1.59 1.6  1.61 1.62 1.63
 1.64 1.65 1.66 1.67 1.68 1.69]","[0.01 0.01 0.01 0.01 0.01 0.01 0.01 0.01 0.01 0.01 0.01 0.01 0.01 0.01
 0.01 0.01 0.01 0.01 0.01 0.01]","[2076.45242251 1920.82693239 1734.51236756 1518.31248242 1273.08878688
 1000.2384131   702.27153707  398.31356917  602.48589224  906.79537016
 1233.97575684 1580.99917842 1944.58982798 2323.57274555 2722.54963259
 3151.65401714 3593.48053124 4042.06166885 4492.44181854 4940.6104911 ]"
2,"[1.5  1.51 1.52 1.53 1.54 1.55 1.56 1.57 1.58 1.59 1.6  1.61 1.62 1.63
 1.64 1.65 1.66 1.67 1.68 1.69]","[0.02 0.02 0.02 0.02 0.02 0.02 0.02 0.02 0.02 0.02 0.02 0.02 0.02 0.02
 0.02 0.02 0.02 0.02 0.02 0.02]","[1500.14459556 1364.05452215 1200.41524639 1010.2287438   813.34458751
  769.44397658  925.35221852 1155.62628681 1411.19300912 1689.97708567
 1989.60920121 2307.46414736 2640.70772989 2986.350376   3341.3051381
 3702.44771851 4067.65148731 4434.57362094 4812.69656179 5203.99423455]"
3,"[1.5  1.51 1.52 1.53 1.54 1.55 1.56 1.57 1.58 1.59 1.6  1.61 1.62 1.63
 1.64 1.65 1.66 1.67 1.68 1.69]","[0.03 0.03 0.03 0.03 0.03 0.03 0.03 0.03 0.03 0.03 0.03 0.03 0.03 0.03
 0.03 0.03 0.03 0.03 0.03 0.03]","[1263.79967084 1208.17768897 1182.2566854  1208.91581048 1323.84294309
 1484.30503153 1670.63468458 1881.53176825 2115.41688593 2370.44424942
 2644.5235156  2935.3497658  3240.44041019 3557.17750692 3882.85379965
 4214.72069727 4550.03643305 4886.11272897 5220.35842449 5550.38603518]"
4,"[1.5  1.51 1.52 1.53 1.54 1.55 1.56 1.57 1.58 1.59 1.6  1.61 1.62 1.63
 1.64 1.65 1.66 1.67 1.68 1.69]","[0.04 0.04 0.04 0.04 0.04 0.04 0.04 0.04 0.04 0.04 0.04 0.04 0.04 0.04
 0.04 0.04 0.04 0.04 0.04 0.04]","[1702.35244016 1719.67722954 1790.37880538 1887.20686415 2009.32415844
 2156.00492597 2326.28910517 2518.97889313 2732.64230055 2965.62388055
 3216.06241747 3481.91500367 3760.98662974 4050.96418013 4349.45356876
 4654.01866725 4962.22066459 5271.65653921 5579.99540737 5885.01162413]"
5,"[1.5  1.51 1.52 1.53 1.54 1.55 1.56 1.57 1.58 1.59 1.6  1.61 1.62 1.63
 1.64 1.65 1.66 1.67 1.68 1.69]","[0.05 0.05 0.05 0.05 0.05 0.05 0.05 0.05 0.05 0.05 0.05 0.05 0.05 0.05
 0.05 0.05 0.05 0.05 0.05 0.05]","[2314.45926658 2354.50634385 2418.60402967 2506.42589753 2617.4629081
 2751.01234798 2906.17102212 3081.83342304 3276.69533011 3489.26300055
 3717.86782171 3960.68602292 4215.76281048 4481.04010269 4754.3869087
 5033.63131682 5316.59302996 5601.11540263 5885.0959859  6166.51466985]"
6,"[1.5  1.51 1.52 1.53 1.54 1.55 1.56 1.57 1.58 1.59 1.6  1.61 1.62 1.63
 1.64 1.65 1.66 1.67 1.68 1.69]","[0.06 0.06 0.06 0.06 0.06 0.06 0.06 0.06 0.06 0.06 0.06 0.06 0.06 0.06
 0.06 0.06 0.06 0.06 0.06 0.06]","[2887.52118689 2922.5435276  2979.77443296 3058.87000938 3159.32537459
 3280.46678517 3421.44711247 3581.24522403 3758.66962888 3952.36652812
 4160.83219188 4382.42937657 4615.40731284 4857.92464483 5108.07458951
 5363.91151371 5623.47809274 5884.83221675 6146.07284342 6405.36405541]"
7,"[1.5  1.51 1.52 1.53 1.54 1.55 1.56 1.57 1.58 1.59 1.6  1.61 1.62 1.63
 1.64 1.65 1.66 1.67 1.68 1.69]","[0.07 0.07 0.07 0.07 0.07 0.07 0.07 0.07 0.07 0.07 0.07 0.07 0.07 0.07
 0.07 0.07 0.07 0.07 0.07 0.07]","[3402.18387626 3432.2217455  3482.7917706  3553.54447253 3643.98735331
 3753.47940457 3881.22828814 4026.29061907 4187.57563391 4363.85236367
 4553.76026402 4755.82309503 4968.46569901 5190.03320436 5418.81209011
 5653.05248263 5890.99102189 6130.8736285  6370.97752242 6609.63188667]"
8,"[1.5  1.51 1.52 1.53 1.54 1.55 1.56 1.57 1.58 1.59 1.6  1.61 1.62 1.63
 1.64 1.65 1.66 1.67 1.68 1.69]","[0.08 0.08 0.08 0.08 0.08 0.08 0.08 0.08 0.08 0.08 0.08 0.08 0.08 0.08
 0.08 0.08 0.08 0.08 0.08 0.08]","[3865.67941432 3890.87857789 3935.07938767 3997.93514184 4078.9712789
 4177.58166636 4293.02704965 4424.4359943  4570.80854353 4731.02268981
 4903.84363093 5087.93565689 5281.87640049 5484.17308717 5693.28034265
 5907.61906183 6125.59581001 6345.6222178  6566.13384146 6785.60799093]"
9,"[1.5  1.51 1.52 1.53 1.54 1.55 1.56 1.57 1.58 1.59 1.6  1.61 1.62 1.63
 1.64 1.65 1.66 1.67 1.68 1.69]","[0.09 0.09 0.09 0.09 0.09 0.09 0.09 0.09 0.09 0.09 0.09 0.09 0.09 0.09
 0.09 0.09 0.09 0.09 0.09 0.09]","[4284.13255189 4304.70746443 4342.88317093 4398.32153699 4470.56952397
 4559.05680752 4663.095164   4781.87988253 4914.49337655 5059.91107416
 5217.00956782 5384.57690697 5561.32482742 5745.9026327  5936.91237922
 6132.92496981 6332.496731   6534.1860378  6736.56955485 6938.25768422]"
10,"[1.5  1.51 1.52 1.53 1.54 1.55 1.56 1.57 1.58 1.59 1.6  1.61 1.62 1.63
 1.64 1.65 1.66 1.67 1.68 1.69]","[0.1 0.1 0.1 0.1 0.1 0.1 0.1 0.1 0.1 0.1 0.1 0.1 0.1 0.1 0.1 0.1 0.1 0.1
 0.1 0.1]","[4662.76809418 4678.97570734 4711.49929389 4760.01319164 4824.08802994
 4903.1893385  4996.67761957 5103.81008294 5223.74417894 5355.54299178
 5498.18247907 5650.56046713 5811.50724028 5979.79749911 6154.16341048
 6333.30843194 6515.92156785 6700.69170211 6886.3216544  7071.54162201]"
11,"[1.5  1.51 1.52 1.53 1.54 1.55 1.56 1.57 1.58 1.59 1.6  1.61 1.62 1.63
 1.64 1.65 1.66 1.67 1.68 1.69]","[0.11 0.11 0.11 0.11 0.11 0.11 0.11 0.11 0.11 0.11 0.11 0.11 0.11 0.11
 0.11 0.11 0.11 0.11 0.11 0.11]","[5006.07155724 5018.19269271 5045.44939433 5087.53099443 5144.03288385
 5214.45585394 5298.20666282 5394.59997983 5502.86181245 5622.13446392
 5751.48300942 5889.90321911 6036.33079889 6189.65176922 6348.71375899
 6512.33795848 6679.33145261 6848.49964475 7018.65848067 7188.64619325]"
12,"[1.5  1.51 1.52 1.53 1.54 1.55 1.56 1.57 1.58 1.59 1.6  1.61 1.62 1.63
 1.64 1.65 1.66 1.67 1.68 1.69]","[0.12 0.12 0.12 0.12 0.12 0.12 0.12 0.12 0.12 0.12 0.12 0.12 0.12 0.12
 0.12 0.12 0.12 0.12 0.12 0.12]","[5317.9154275  5326.24158496 5348.61727379 5384.74833127 5434.25524196
 5496.67301805 5571.45211354 5657.96049115 5755.48692173 5863.24555228
 5980.38173144 6105.97903361 6239.06737762 6378.63209458 6523.62376415
 6672.96861114 6825.57923479 6980.36543285 7136.2448812  7292.15343719]"
13,"[1.5  1.51 1.52 1.53 1.54 1.55 1.56 1.57 1.58 1.59 1.6  1.61 1.62 1.63
 1.64 1.65 1.66 1.67 1.68 1.69]","[0.13 0.13 0.13 0.13 0.13 0.13 0.13 0.13 0.13 0.13 0.13 0.13 0.13 0.13
 0.13 0.13 0.13 0.13 0.13 0.13]","[5601.65966202 5606.48375596 5624.35694565 5655.0023461  5698.06532378
 5753.11376683 5819.63923634 5897.0590897  5984.71963677 6081.90035486
 6187.81915151 6301.6386259  6422.47324358 6549.39730564 6681.45356487
 6817.66231838 6957.03078982 7098.56260526 7241.26716463 7384.16871618]"
14,"[1.5  1.51 1.52 1.53 1.54 1.55 1.56 1.57 1.58 1.59 1.6  1.61 1.62 1.63
 1.64 1.65 1.66 1.67 1.68 1.69]","[0.14 0.14 0.14 0.14 0.14 0.14 0.14 0.14 0.14 0.14 0.14 0.14 0.14 0.14
 0.14 0.14 0.14 0.14 0.14 0.14]","[5860.23259589 5861.84254424 5875.57901758 5901.18264799 5938.32308995
 5986.59956784 6045.54218015 6114.61403009 6193.21422777 6280.68178245
 6376.30037299 6479.30395508 6588.88313408 6704.19220543 6824.35674138
 6948.48158328 7075.65908554 7204.97744878 7335.528978   7466.4181049 ]"
15,"[1.5  1.51 1.52 1.53 1.54 1.55 1.56 1.57 1.58 1.59 1.6  1.61 1.62 1.63
 1.64 1.65 1.66 1.67 1.68 1.69]","[0.15 0.15 0.15 0.15 0.15 0.15 0.15 0.15 0.15 0.15 0.15 0.15 0.15 0.15
 0.15 0.15 0.15 0.15 0.15 0.15]","[6096.19673603 6094.87112326 6104.82046219 6125.80275981 6157.51110389
 6199.5744022  6251.55877647 6312.96966372 6383.25465863 6461.8071086
 6547.97044975 6641.04324751 6740.28488239 6844.92179896 6954.15421755
 7067.16319212 7183.11788636 7301.1829333  7420.52574129 7540.32361216]"
16,"[1.5  1.51 1.52 1.53 1.54 1.55 1.56 1.57 1.58 1.59 1.6  1.61 1.62 1.63
 1.64 1.65 1.66 1.67 1.68 1.69]","[0.16 0.16 0.16 0.16 0.16 0.16 0.16 0.16 0.16 0.16 0.16 0.16 0.16 0.16
 0.16 0.16 0.16 0.16 0.16 0.16]","[6311.80274702 6307.8079965  6314.30148863 6331.05819516 6357.79361186
 6394.1646247  6439.77094623 6494.15716155 6556.81540838 6627.18869784
 6704.67486378 6788.63110895 6878.37909724 6973.21052333 7072.39307566
 7175.17669562 7280.80002616 7388.49693747 7497.50301489 7607.06189661]"
17,"[1.5  1.51 1.52 1.53 1.54 1.55 1.56 1.57 1.58 1.59 1.6  1.61 1.62 1.63
 1.64 1.65 1.66 1.67 1.68 1.69]","[0.17 0.17 0.17 0.17 0.17 0.17 0.17 0.17 0.17 0.17 0.17 0.17 0.17 0.17
 0.17 0.17 0.17 0.17 0.17 0.17]","[6509.03410422 6502.62274643 6505.97228304 6518.87405708 6541.06484343
 6572.22779321 6611.99387752 6659.94385985 6715.61081442 6778.48319318
 6848.0084291  6923.59704778 7004.62724347 7090.44986168 7180.39371746
 7273.77116785 7369.88384915 7468.02848459 7567.50266624 7667.6105161 ]"
18,"[1.5  1.51 1.52 1.53 1.54 1.55 1.56 1.57 1.58 1.59 1.6  1.61 1.62 1.63
 1.64 1.65 1.66 1.67 1.68 1.69]","[0.18 0.18 0.18 0.18 0.18 0.18 0.18 0.18 0.18 0.18 0.18 0.18 0.18 0.18
 0.18 0.18 0.18 0.18 0.18 0.18]","[6689.64429277 6681.05402586 6681.55170837 6690.94434085 6708.98879428
 6735.39279607 6769.81635563 6811.87365115 6861.13538901 6917.13163577
 6979.35511039 7047.26491144 7120.29064156 7197.83687958 7279.28794035
 7364.01285353 7451.37048603 7540.71472863 7631.39966552 7722.78464671]"
19,"[1.5  1.51 1.52 1.53 1.54 1.55 1.56 1.57 1.58 1.59 1.6  1.61 1.62 1.63
 1.64 1.65 1.66 1.67 1.68 1.69]","[0.19 0.19 0.19 0.19 0.19 0.19 0.19 0.19 0.19 0.19 0.19 0.19 0.19 0.19
 0.19 0.19 0.19 0.19 0.19 0.19]","[6855.18799623 6844.64131504 6842.5595615  6848.76460646 6863.03221591
 6885.09305147 6914.63405959 6951.30026514 6994.69697651 7044.39239996
 7099.92065099 7160.78514005 7226.46229955 7296.4056097  7370.049872
 7446.81567202 7526.11396789 7607.35073697 7689.93161215 7773.26643968]"
