,n space,k space,Chi Square Statistic
0,"[1.5  1.51 1.52 1.53 1.54 1.55 1.56 1.57 1.58 1.59 1.6  1.61 1.62 1.63
 1.64 1.65 1.66 1.67 1.68 1.69]",[0. 0. 0. 0. 0. 0. 0. 0. 0. 0. 0. 0. 0. 0. 0. 0. 0. 0. 0. 0.],"[3535.57816104 3443.15590756 3348.33008074 3256.73855342 3162.32904467
 3066.69335389 2978.47718983 2902.51674838 2848.01304194 2823.16934436
 2835.87600481 2884.25560249 2965.5757878  3073.94119784 3191.40945041
 3345.36984256 3531.11775061 3755.82885953 4019.00152541 4305.6941752 ]"
1,"[1.5  1.51 1.52 1.53 1.54 1.55 1.56 1.57 1.58 1.59 1.6  1.61 1.62 1.63
 1.64 1.65 1.66 1.67 1.68 1.69]","[0.01 0.01 0.01 0.01 0.01 0.01 0.01 0.01 0.01 0.01 0.01 0.01 0.01 0.01
 0.01 0.01 0.01 0.01 0.01 0.01]","[3369.36410783 3296.85410507 3219.83183433 3139.52714815 3061.67261984
 2997.77555301 2944.22421871 2917.06807234 2913.81303    2931.76173596
 2973.36718196 3038.2957731  3121.56554453 3213.81140888 3334.78778996
 3485.7557885  3665.5410091  3893.31048621 4142.25411057 4400.90638953]"
2,"[1.5  1.51 1.52 1.53 1.54 1.55 1.56 1.57 1.58 1.59 1.6  1.61 1.62 1.63
 1.64 1.65 1.66 1.67 1.68 1.69]","[0.02 0.02 0.02 0.02 0.02 0.02 0.02 0.02 0.02 0.02 0.02 0.02 0.02 0.02
 0.02 0.02 0.02 0.02 0.02 0.02]","[3294.16996282 3236.94014385 3181.53224288 3135.54860089 3102.66304609
 3074.43477572 3064.34106196 3065.44910273 3088.20303156 3129.43979516
 3186.14782763 3254.47624373 3332.82742925 3436.09343873 3564.78419358
 3710.21008326 3900.79226143 4107.50335404 4329.86170589 4562.58469561]"
3,"[1.5  1.51 1.52 1.53 1.54 1.55 1.56 1.57 1.58 1.59 1.6  1.61 1.62 1.63
 1.64 1.65 1.66 1.67 1.68 1.69]","[0.03 0.03 0.03 0.03 0.03 0.03 0.03 0.03 0.03 0.03 0.03 0.03 0.03 0.03
 0.03 0.03 0.03 0.03 0.03 0.03]","[3323.90792276 3294.12229383 3268.31707739 3247.9292668  3234.06139766
 3232.37758854 3247.01309556 3273.40679469 3310.28848869 3358.97603442
 3415.20998364 3482.85398956 3574.96066487 3686.5831773  3810.24372453
 3976.18322151 4160.74931789 4360.85294467 4565.40399655 4779.32353853]"
4,"[1.5  1.51 1.52 1.53 1.54 1.55 1.56 1.57 1.58 1.59 1.6  1.61 1.62 1.63
 1.64 1.65 1.66 1.67 1.68 1.69]","[0.04 0.04 0.04 0.04 0.04 0.04 0.04 0.04 0.04 0.04 0.04 0.04 0.04 0.04
 0.04 0.04 0.04 0.04 0.04 0.04]","[3420.95064047 3406.23545825 3397.80404159 3400.70978633 3411.29173442
 3430.57688615 3454.88228247 3488.06533756 3530.18487225 3578.18016872
 3639.2513442  3724.88413175 3824.0005087  3932.51024676 4076.53553123
 4242.79336922 4419.50333091 4603.38069442 4795.95959457 4990.69189319]"
5,"[1.5  1.51 1.52 1.53 1.54 1.55 1.56 1.57 1.58 1.59 1.6  1.61 1.62 1.63
 1.64 1.65 1.66 1.67 1.68 1.69]","[0.05 0.05 0.05 0.05 0.05 0.05 0.05 0.05 0.05 0.05 0.05 0.05 0.05 0.05
 0.05 0.05 0.05 0.05 0.05 0.05]","[3580.56271181 3578.60754941 3581.59691613 3589.72195509 3602.72249124
 3624.78288599 3653.31432602 3687.77109835 3730.34058723 3791.81265323
 3867.19848949 3954.82724214 4051.62607688 4179.47761857 4327.28272778
 4484.15619056 4651.80766732 4823.64466488 5004.13807863 5183.43777096]"
6,"[1.5  1.51 1.52 1.53 1.54 1.55 1.56 1.57 1.58 1.59 1.6  1.61 1.62 1.63
 1.64 1.65 1.66 1.67 1.68 1.69]","[0.06 0.06 0.06 0.06 0.06 0.06 0.06 0.06 0.06 0.06 0.06 0.06 0.06 0.06
 0.06 0.06 0.06 0.06 0.06 0.06]","[3749.39525014 3748.94379343 3754.41001305 3765.2057162  3781.61080412
 3804.13750895 3832.26705229 3877.123118   3935.63164524 4002.09496952
 4078.47216863 4166.21915198 4279.42632214 4410.55063332 4550.63802703
 4702.99349277 4857.41395197 5022.50619742 5188.78006525 5353.61181115]"
7,"[1.5  1.51 1.52 1.53 1.54 1.55 1.56 1.57 1.58 1.59 1.6  1.61 1.62 1.63
 1.64 1.65 1.66 1.67 1.68 1.69]","[0.07 0.07 0.07 0.07 0.07 0.07 0.07 0.07 0.07 0.07 0.07 0.07 0.07 0.07
 0.07 0.07 0.07 0.07 0.07 0.07]","[3910.40147882 3910.28332175 3915.39424532 3926.59871741 3946.42623285
 3979.35631039 4021.52075226 4069.77083957 4129.35884498 4194.92010017
 4276.40957061 4376.99352736 4492.90468629 4617.81816414 4754.72177341
 4894.64776506 5042.04870043 5195.07855208 5348.09615234 5500.10153571]"
8,"[1.5  1.51 1.52 1.53 1.54 1.55 1.56 1.57 1.58 1.59 1.6  1.61 1.62 1.63
 1.64 1.65 1.66 1.67 1.68 1.69]","[0.08 0.08 0.08 0.08 0.08 0.08 0.08 0.08 0.08 0.08 0.08 0.08 0.08 0.08
 0.08 0.08 0.08 0.08 0.08 0.08]","[4068.23537056 4071.83230301 4081.84639169 4099.88618034 4126.61357873
 4159.50798846 4202.54639816 4251.95895091 4312.07246819 4385.56138566
 4474.85166638 4575.60167996 4687.17591142 4808.94551786 4934.6010332
 5065.71322723 5205.3837029  5346.14213177 5486.99331315 5626.9829789 ]"
9,"[1.5  1.51 1.52 1.53 1.54 1.55 1.56 1.57 1.58 1.59 1.6  1.61 1.62 1.63
 1.64 1.65 1.66 1.67 1.68 1.69]","[0.09 0.09 0.09 0.09 0.09 0.09 0.09 0.09 0.09 0.09 0.09 0.09 0.09 0.09
 0.09 0.09 0.09 0.09 0.09 0.09]","[4228.59154712 4234.98035873 4248.09772265 4269.27724789 4296.59098395
 4332.976894   4376.8362232  4429.9229304  4494.20489572 4573.29168367
 4659.87221357 4759.96008023 4866.99490683 4978.39197857 5094.37924223
 5220.40497292 5348.50716461 5477.74428641 5607.28656554 5736.23786127]"
10,"[1.5  1.51 1.52 1.53 1.54 1.55 1.56 1.57 1.58 1.59 1.6  1.61 1.62 1.63
 1.64 1.65 1.66 1.67 1.68 1.69]","[0.1 0.1 0.1 0.1 0.1 0.1 0.1 0.1 0.1 0.1 0.1 0.1 0.1 0.1 0.1 0.1 0.1 0.1
 0.1 0.1]","[4394.31835653 4401.93590853 4416.23037273 4437.64949683 4465.57737019
 4502.68910738 4549.28782397 4606.56259196 4673.28338811 4749.67290254
 4837.07985088 4929.98786741 5027.77668598 5130.14171819 5242.7542692
 5358.18433934 5475.59995369 5594.170937   5713.08971723 5831.59358386]"
11,"[1.5  1.51 1.52 1.53 1.54 1.55 1.56 1.57 1.58 1.59 1.6  1.61 1.62 1.63
 1.64 1.65 1.66 1.67 1.68 1.69]","[0.11 0.11 0.11 0.11 0.11 0.11 0.11 0.11 0.11 0.11 0.11 0.11 0.11 0.11
 0.11 0.11 0.11 0.11 0.11 0.11]","[4555.00301454 4562.74899226 4578.27416482 4601.73707867 4633.60920642
 4672.45320866 4718.87197762 4777.59039873 4843.8451373  4917.84595101
 4997.53038709 5082.33493757 5172.63290735 5272.14713518 5375.08072208
 5480.77026049 5588.41159341 5697.21740426 5806.43320584 5915.31502263]"
12,"[1.5  1.51 1.52 1.53 1.54 1.55 1.56 1.57 1.58 1.59 1.6  1.61 1.62 1.63
 1.64 1.65 1.66 1.67 1.68 1.69]","[0.12 0.12 0.12 0.12 0.12 0.12 0.12 0.12 0.12 0.12 0.12 0.12 0.12 0.12
 0.12 0.12 0.12 0.12 0.12 0.12]","[4725.03092307 4732.49657391 4747.67276729 4770.39131406 4800.43953166
 4839.22599916 4885.76365859 4940.30264695 5001.82970758 5069.16107168
 5141.77339587 5221.58172707 5308.59173797 5399.49049655 5493.61901977
 5590.28324888 5688.79665926 5788.50707098 5888.68593283 5988.71452103]"
13,"[1.5  1.51 1.52 1.53 1.54 1.55 1.56 1.57 1.58 1.59 1.6  1.61 1.62 1.63
 1.64 1.65 1.66 1.67 1.68 1.69]","[0.13 0.13 0.13 0.13 0.13 0.13 0.13 0.13 0.13 0.13 0.13 0.13 0.13 0.13
 0.13 0.13 0.13 0.13 0.13 0.13]","[4892.27466627 4897.92201982 4910.72917589 4930.89591516 4959.69163223
 4995.37778144 5039.09351974 5088.99453026 5144.69630556 5206.21914088
 5276.52179195 5351.59981614 5430.89900633 5513.83909454 5599.81862848
 5688.25160019 5778.50118283 5869.91006489 5961.85079465 6053.72757211]"
14,"[1.5  1.51 1.52 1.53 1.54 1.55 1.56 1.57 1.58 1.59 1.6  1.61 1.62 1.63
 1.64 1.65 1.66 1.67 1.68 1.69]","[0.14 0.14 0.14 0.14 0.14 0.14 0.14 0.14 0.14 0.14 0.14 0.14 0.14 0.14
 0.14 0.14 0.14 0.14 0.14 0.14]","[5044.0679251  5048.03360734 5060.29292869 5079.28910854 5106.05454771
 5139.26766855 5178.54374834 5224.68017525 5278.20913735 5337.11913371
 5400.96000415 5469.25077541 5541.48315496 5617.12547275 5695.62702132
 5776.42273047 5858.93810036 5942.61582407 6026.86815688 6111.11082164]"
15,"[1.5  1.51 1.52 1.53 1.54 1.55 1.56 1.57 1.58 1.59 1.6  1.61 1.62 1.63
 1.64 1.65 1.66 1.67 1.68 1.69]","[0.15 0.15 0.15 0.15 0.15 0.15 0.15 0.15 0.15 0.15 0.15 0.15 0.15 0.15
 0.15 0.15 0.15 0.15 0.15 0.15]","[5184.67329135 5188.62105019 5200.01342289 5218.19058876 5242.94807604
 5274.04333707 5311.19648511 5354.0913937  5402.37718971 5455.67016173
 5513.55609389 5575.59302269 5641.31440101 5710.23264033 5781.84298918
 5855.62769414 5931.06037949 6007.61057298 6084.74829942 6161.96702913]"
16,"[1.5  1.51 1.52 1.53 1.54 1.55 1.56 1.57 1.58 1.59 1.6  1.61 1.62 1.63
 1.64 1.65 1.66 1.67 1.68 1.69]","[0.16 0.16 0.16 0.16 0.16 0.16 0.16 0.16 0.16 0.16 0.16 0.16 0.16 0.16
 0.16 0.16 0.16 0.16 0.16 0.16]","[5323.85253284 5326.53391409 5335.6783308  5351.13092403 5372.70141937
 5400.1646297  5433.26124523 5471.69894043 5515.15382178 5563.27223226
 5615.67291925 5671.94956232 5731.67364667 5794.3976567  5859.65855439
 5926.98149651 5995.883737   6065.87865327 6136.47983038 6207.20513366]"
17,"[1.5  1.51 1.52 1.53 1.54 1.55 1.56 1.57 1.58 1.59 1.6  1.61 1.62 1.63
 1.64 1.65 1.66 1.67 1.68 1.69]","[0.17 0.17 0.17 0.17 0.17 0.17 0.17 0.17 0.17 0.17 0.17 0.17 0.17 0.17
 0.17 0.17 0.17 0.17 0.17 0.17]","[5451.22592052 5452.29330535 5459.372453   5472.31925677 5490.95699307
 5515.07688268 5544.43890804 5578.77290942 5617.77997771 5661.13415545
 5708.48444991 5759.45715385 5813.65846081 5870.67735264 5930.08872862
 5991.45673725 6054.33826484 6118.28652933 6182.85472311 6247.59964654]"
18,"[1.5  1.51 1.52 1.53 1.54 1.55 1.56 1.57 1.58 1.59 1.6  1.61 1.62 1.63
 1.64 1.65 1.66 1.67 1.68 1.69]","[0.18 0.18 0.18 0.18 0.18 0.18 0.18 0.18 0.18 0.18 0.18 0.18 0.18 0.18
 0.18 0.18 0.18 0.18 0.18 0.18]","[5567.51511712 5567.10804878 5572.29498764 5582.94213466 5598.88562766
 5619.93213722 5645.85969174 5676.41874925 5711.33352872 5750.3036091
 5793.00579763 5839.09626255 5888.21291778 5939.97803991 5994.00109104
 6049.8817138  6107.21285962 6165.58400624 6224.58441685 6283.91049355]"
19,"[1.5  1.51 1.52 1.53 1.54 1.55 1.56 1.57 1.58 1.59 1.6  1.61 1.62 1.63
 1.64 1.65 1.66 1.67 1.68 1.69]","[0.19 0.19 0.19 0.19 0.19 0.19 0.19 0.19 0.19 0.19 0.19 0.19 0.19 0.19
 0.19 0.19 0.19 0.19 0.19 0.19]","[5673.79362781 5672.04435932 5675.50217568 5684.04309489 5697.5154062
 5715.74028252 5738.51259897 5765.60197032 5796.75401688 5831.69186385
 5870.1178744  5911.71561074 5956.15201178 6003.07977002 6052.13988406
 6102.96435819 6155.17901539 6208.40638608 6262.26863236 6318.41287988]"
