,n space,k space,Chi Square Statistic
0,"[1.5  1.51 1.52 1.53 1.54 1.55 1.56 1.57 1.58 1.59 1.6  1.61 1.62 1.63
 1.64 1.65 1.66 1.67 1.68 1.69]",[0. 0. 0. 0. 0. 0. 0. 0. 0. 0. 0. 0. 0. 0. 0. 0. 0. 0. 0. 0.],"[2970.24559536 2786.38977268 2564.08392358 2303.57992771 2006.07879156
 1672.87272392 1306.30417968  911.34821843  493.13557035   86.34210211
  529.96156587 1031.65140107 1558.66220639 2104.31125482 2663.57892858
 3231.85288885 3805.22923464 4380.10837205 4952.86142147 5520.38065159]"
1,"[1.5  1.51 1.52 1.53 1.54 1.55 1.56 1.57 1.58 1.59 1.6  1.61 1.62 1.63
 1.64 1.65 1.66 1.67 1.68 1.69]","[0.01 0.01 0.01 0.01 0.01 0.01 0.01 0.01 0.01 0.01 0.01 0.01 0.01 0.01
 0.01 0.01 0.01 0.01 0.01 0.01]","[2234.48247214 2071.61332769 1873.33137282 1640.6939879  1374.45107379
 1075.68938972  746.84588895  419.29052471  660.14654917 1004.02736906
 1374.71698843 1768.61764247 2182.16877281 2611.84766516 3066.77807448
 3557.24689794 4061.03764956 4569.77036907 5079.74995475 5587.4786758 ]"
2,"[1.5  1.51 1.52 1.53 1.54 1.55 1.56 1.57 1.58 1.59 1.6  1.61 1.62 1.63
 1.64 1.65 1.66 1.67 1.68 1.69]","[0.02 0.02 0.02 0.02 0.02 0.02 0.02 0.02 0.02 0.02 0.02 0.02 0.02 0.02
 0.02 0.02 0.02 0.02 0.02 0.02]","[1569.20835067 1427.42895048 1253.09729317 1048.15256705  851.88861106
  828.0243997  1009.03310332 1267.77425553 1555.27163214 1869.13269912
 2206.62629353 2564.72853852 2940.21873946 3329.85388886 3730.6945589
 4138.8328515  4551.27412137 4965.38637061 5394.1150339  5840.01938584]"
3,"[1.5  1.51 1.52 1.53 1.54 1.55 1.56 1.57 1.58 1.59 1.6  1.61 1.62 1.63
 1.64 1.65 1.66 1.67 1.68 1.69]","[0.03 0.03 0.03 0.03 0.03 0.03 0.03 0.03 0.03 0.03 0.03 0.03 0.03 0.03
 0.03 0.03 0.03 0.03 0.03 0.03]","[1349.84400361 1298.67589043 1281.43844848 1319.23072872 1448.79885926
 1627.86779574 1836.42037566 2072.9155705  2335.54743631 2622.2715667
 2930.59227657 3257.85931436 3601.22181977 3957.67874659 4324.13340783
 4697.48103377 5074.65923879 5452.83319474 5829.09675356 6200.75373504]"
4,"[1.5  1.51 1.52 1.53 1.54 1.55 1.56 1.57 1.58 1.59 1.6  1.61 1.62 1.63
 1.64 1.65 1.66 1.67 1.68 1.69]","[0.04 0.04 0.04 0.04 0.04 0.04 0.04 0.04 0.04 0.04 0.04 0.04 0.04 0.04
 0.04 0.04 0.04 0.04 0.04 0.04]","[1872.40684902 1895.80332715 1969.46087759 2076.12880882 2211.55536763
 2374.91803227 2565.12109758 2780.79246331 3020.28874158 3281.75394039
 3563.03366475 3861.79045189 4175.55080475 4501.59744317 4837.19684543
 5179.57448012 5525.96084212 5873.63611564 6219.97199931 6562.56201682]"
5,"[1.5  1.51 1.52 1.53 1.54 1.55 1.56 1.57 1.58 1.59 1.6  1.61 1.62 1.63
 1.64 1.65 1.66 1.67 1.68 1.69]","[0.05 0.05 0.05 0.05 0.05 0.05 0.05 0.05 0.05 0.05 0.05 0.05 0.05 0.05
 0.05 0.05 0.05 0.05 0.05 0.05]","[2557.90890906 2600.06560752 2669.53887201 2765.97245843 2888.79679084
 3037.21636227 3210.20229582 3406.49088138 3624.58857962 3862.78363587
 4119.16410036 4391.64173102 4678.04127882 4975.96554505 5283.00772651
 5596.72659451 5914.58905827 6234.15684882 6553.06105868 6869.03407338]"
6,"[1.5  1.51 1.52 1.53 1.54 1.55 1.56 1.57 1.58 1.59 1.6  1.61 1.62 1.63
 1.64 1.65 1.66 1.67 1.68 1.69]","[0.06 0.06 0.06 0.06 0.06 0.06 0.06 0.06 0.06 0.06 0.06 0.06 0.06 0.06
 0.06 0.06 0.06 0.06 0.06 0.06]","[3197.23781798 3233.71266692 3295.40494074 3381.93720616 3492.74437146
 3627.06475011 3783.93519466 3962.1909277  4160.47045592 4377.22569302
 4610.73715525 4859.13384789 5120.41724608 5392.48859932 5673.19128616
 5960.3594611  6251.72169781 6545.09046692 6838.39317449 7129.49425974]"
7,"[1.5  1.51 1.52 1.53 1.54 1.55 1.56 1.57 1.58 1.59 1.6  1.61 1.62 1.63
 1.64 1.65 1.66 1.67 1.68 1.69]","[0.07 0.07 0.07 0.07 0.07 0.07 0.07 0.07 0.07 0.07 0.07 0.07 0.07 0.07
 0.07 0.07 0.07 0.07 0.07 0.07]","[3771.8764965  3802.7246299  3856.88136981 3933.96196551 4033.4153331
 4154.51784627 4296.37037857 4457.89907959 4637.86018814 4834.84898854
 5047.31281698 5273.56783534 5511.81912075 5760.18347993 6016.71429155
 6279.42761069 6546.3287369  6815.46762598 7084.9077937  7352.74210787]"
8,"[1.5  1.51 1.52 1.53 1.54 1.55 1.56 1.57 1.58 1.59 1.6  1.61 1.62 1.63
 1.64 1.65 1.66 1.67 1.68 1.69]","[0.08 0.08 0.08 0.08 0.08 0.08 0.08 0.08 0.08 0.08 0.08 0.08 0.08 0.08
 0.08 0.08 0.08 0.08 0.08 0.08]","[4289.79826319 4315.19427779 4362.15754759 4430.3057488  4519.10819044
 4627.88163803 4755.78876576 4901.83960933 5064.89625607 5243.68085944
 5436.78691203 5642.69356392 5859.78263996 6086.35789744 6320.66597822
 6560.91844964 6805.31429687 7052.06222491 7299.40214952 7545.6253006 ]"
9,"[1.5  1.51 1.52 1.53 1.54 1.55 1.56 1.57 1.58 1.59 1.6  1.61 1.62 1.63
 1.64 1.65 1.66 1.67 1.68 1.69]","[0.09 0.09 0.09 0.09 0.09 0.09 0.09 0.09 0.09 0.09 0.09 0.09 0.09 0.09
 0.09 0.09 0.09 0.09 0.09 0.09]","[4757.75708439 4777.95284345 4818.12314818 4877.89483527 4956.76169778
 5054.0818225  5169.07707639 5300.83502904 5448.31349514 5610.3477664
 5785.66048405 5972.87398798 6170.52487324 6377.08039442 6590.95628613
 6810.5355174  7034.18746829 7260.28700992 7487.23298223 7713.46559642]"
10,"[1.5  1.51 1.52 1.53 1.54 1.55 1.56 1.57 1.58 1.59 1.6  1.61 1.62 1.63
 1.64 1.65 1.66 1.67 1.68 1.69]","[0.1 0.1 0.1 0.1 0.1 0.1 0.1 0.1 0.1 0.1 0.1 0.1 0.1 0.1 0.1 0.1 0.1 0.1
 0.1 0.1]","[5181.51616478 5196.81082699 5230.62017356 5282.58473413 5352.22520443
 5438.94090693 5542.01002721 5660.59184736 5793.73111827 5940.36462479
 6099.32990541 6269.37599789 6449.17599882 6637.34115195 6832.4361215
 7032.99506354 7237.53808262 7444.58765223 7652.68458598 7860.40316991]"
11,"[1.5  1.51 1.52 1.53 1.54 1.55 1.56 1.57 1.58 1.59 1.6  1.61 1.62 1.63
 1.64 1.65 1.66 1.67 1.68 1.69]","[0.11 0.11 0.11 0.11 0.11 0.11 0.11 0.11 0.11 0.11 0.11 0.11 0.11 0.11
 0.11 0.11 0.11 0.11 0.11 0.11]","[5566.02497683 5576.74373661 5604.63670962 5649.36104159 5710.46553652
 5787.38994603 5879.46574047 5985.91853202 6105.87225871 6238.35516967
 6382.30757999 6536.59129249 6700.00051681 6871.27405797 7049.10849789
 7232.17205782 7419.11880658 7608.6028712  7799.29231083 7989.88233268]"
12,"[1.5  1.51 1.52 1.53 1.54 1.55 1.56 1.57 1.58 1.59 1.6  1.61 1.62 1.63
 1.64 1.65 1.66 1.67 1.68 1.69]","[0.12 0.12 0.12 0.12 0.12 0.12 0.12 0.12 0.12 0.12 0.12 0.12 0.12 0.12
 0.12 0.12 0.12 0.12 0.12 0.12]","[5915.55833281 5922.03741675 5944.45801585 5982.4956405  6035.72753639
 6103.63257942 6185.59241869 6280.89399777 6388.73353722 6508.22200736
 6638.39206399 6778.20636308 6926.56711765 7082.32671238 7244.29915241
 7411.27209259 7582.01917423 7755.31238791 7929.93418339 8104.68906065]"
13,"[1.5  1.51 1.52 1.53 1.54 1.55 1.56 1.57 1.58 1.59 1.6  1.61 1.62 1.63
 1.64 1.65 1.66 1.67 1.68 1.69]","[0.13 0.13 0.13 0.13 0.13 0.13 0.13 0.13 0.13 0.13 0.13 0.13 0.13 0.13
 0.13 0.13 0.13 0.13 0.13 0.13]","[6233.82703449 6236.40321569 6253.78585166 6285.66971295 6331.66020113
 6391.27368058 6463.93887014 6548.99939416 6645.71755532 6753.27934906
 6870.80069491 6997.33481523 7131.88064926 7273.39215208 7420.78829624
 7572.96356865 7728.79873902 7887.17166853 8046.96792819 8207.09100629]"
14,"[1.5  1.51 1.52 1.53 1.54 1.55 1.56 1.57 1.58 1.59 1.6  1.61 1.62 1.63
 1.64 1.65 1.66 1.67 1.68 1.69]","[0.14 0.14 0.14 0.14 0.14 0.14 0.14 0.14 0.14 0.14 0.14 0.14 0.14 0.14
 0.14 0.14 0.14 0.14 0.14 0.14]","[6524.06691124 6523.07029732 6535.83379579 6562.07171779 6601.41690411
 6653.42136581 6717.55783196 6793.22228014 6879.73749579 6976.35767302
 7082.27403401 7196.62140834 7318.48567953 7446.91197511 7580.91345033
 7719.48049515 7861.59018029 8006.21575124 8152.3359791  8298.94418473]"
15,"[1.5  1.51 1.52 1.53 1.54 1.55 1.56 1.57 1.58 1.59 1.6  1.61 1.62 1.63
 1.64 1.65 1.66 1.67 1.68 1.69]","[0.15 0.15 0.15 0.15 0.15 0.15 0.15 0.15 0.15 0.15 0.15 0.15 0.15 0.15
 0.15 0.15 0.15 0.15 0.15 0.15]","[6789.11119437 6784.86039114 6793.40417023 6814.47622587 6847.7358301
 6892.76868555 6949.08856    7016.13975995 7093.30047659 7179.88701104
 7275.15885728 7378.32459284 7488.54849935 7604.9578107  7726.65046446
 7852.70321607 7982.17996298 8114.14012044 8247.6468899  8381.77526667]"
16,"[1.5  1.51 1.52 1.53 1.54 1.55 1.56 1.57 1.58 1.59 1.6  1.61 1.62 1.63
 1.64 1.65 1.66 1.67 1.68 1.69]","[0.16 0.16 0.16 0.16 0.16 0.16 0.16 0.16 0.16 0.16 0.16 0.16 0.16 0.16
 0.16 0.16 0.16 0.16 0.16 0.16]","[7031.44987913 7024.24887738 7028.95069254 7045.30793799 7073.00512133
 7111.65963626 7160.82343264 7219.98540767 7288.57454153 7365.9637801
 7451.47464433 7544.38252279 7643.92258198 7749.29620848 7859.67787979
 7974.2223467  8092.07200019 8212.36429104 8334.23906923 8456.84571462]"
17,"[1.5  1.51 1.52 1.53 1.54 1.55 1.56 1.57 1.58 1.59 1.6  1.61 1.62 1.63
 1.64 1.65 1.66 1.67 1.68 1.69]","[0.17 0.17 0.17 0.17 0.17 0.17 0.17 0.17 0.17 0.17 0.17 0.17 0.17 0.17
 0.17 0.17 0.17 0.17 0.17 0.17]","[7253.27880816 7243.4151169  7244.62992897 7256.69410442 7279.31607923
 7312.14294143 7354.7620991  7406.70357187 7467.44292183 7536.40482296
 7612.96724975 7696.4662469  7786.20122451 7881.44070622 7981.42844393
 8085.38980095 8192.53829775 8302.08220951 8413.23110447 8525.20221469]"
18,"[1.5  1.51 1.52 1.53 1.54 1.55 1.56 1.57 1.58 1.59 1.6  1.61 1.62 1.63
 1.64 1.65 1.66 1.67 1.68 1.69]","[0.18 0.18 0.18 0.18 0.18 0.18 0.18 0.18 0.18 0.18 0.18 0.18 0.18 0.18
 0.18 0.18 0.18 0.18 0.18 0.18]","[7456.54055047 7444.28422711 7442.3438682  7450.50777213 7468.50694049
 7496.01619752 7532.65582906 7577.99376342 7631.54830491 7692.79141613
 7761.1525309  7836.02286421 7916.76017141 8002.69389502 8093.1306264
 8187.35979974 8284.65952927 8384.30249682 8485.56179604 8587.71664185]"
19,"[1.5  1.51 1.52 1.53 1.54 1.55 1.56 1.57 1.58 1.59 1.6  1.61 1.62 1.63
 1.64 1.65 1.66 1.67 1.68 1.69]","[0.19 0.19 0.19 0.19 0.19 0.19 0.19 0.19 0.19 0.19 0.19 0.19 0.19 0.19
 0.19 0.19 0.19 0.19 0.19 0.19]","[7642.958669   7628.56198928 7623.7753876  7628.40371004 7642.19914589
 7664.86236039 7696.04408522 7735.34718299 7782.3291917  7836.50534367
 7897.35204166 7964.31076233 8036.79234577 8114.18161842 8195.8422876
 8281.12203787 8369.35775407 8459.88079243 8552.02222062 8645.1179493 ]"
