,Theta,Input Phase Function
0,0.0,334.0488235831959
1,0.5,334.0547036437352
2,1.0,333.9499216446585
3,1.5,333.0724815471462
4,2.0,331.6570034141351
5,2.5,330.5054636871098
6,3.0,328.8108068349672
7,3.5,326.83275475742755
8,4.0,325.0722305286916
9,4.5,322.62913398847274
10,5.0,318.7933415661894
11,5.5,316.48065451533154
12,6.0,312.0353345833323
13,6.5,308.6527410736362
14,7.0,304.55856030440395
15,7.5,300.28987973598737
16,8.0,296.2917294999055
17,8.5,291.9440022449156
18,9.0,286.3327209021924
19,9.5,281.2135397529106
20,10.0,276.30164654944633
21,10.5,270.78462839436276
22,11.0,265.0399432091155
23,11.5,259.6256615600067
24,12.0,253.49795339232048
25,12.5,247.88486432527094
26,13.0,241.92821620556956
27,13.5,235.28895863682013
28,14.0,229.4107739741013
29,14.5,222.86694984590721
30,15.0,216.1266764091426
31,15.5,210.0272930703714
32,16.0,203.27561454480693
33,16.5,197.25410355337362
34,17.0,190.90411974229565
35,17.5,184.32575377404876
36,18.0,177.85036752336603
37,18.5,171.1170942002137
38,19.0,164.66534848843247
39,19.5,158.09200367326824
40,20.0,152.2897027655561
41,20.5,146.70566609796987
42,21.0,139.67726798002812
43,21.5,133.77214009983933
44,22.0,127.80285138997772
45,22.5,122.76574968757032
46,23.0,116.2350886635838
47,23.5,110.35985392838737
48,24.0,105.42556521484197
49,24.5,100.29599720058779
50,25.0,94.90926649699934
51,25.5,90.09285290510807
52,26.0,84.87335569794386
53,26.5,80.56386416961654
54,27.0,76.2326558377078
55,27.5,72.09942568279737
56,28.0,67.69857942129984
57,28.5,63.245536468190345
58,29.0,58.839920182654886
59,29.5,55.86028156955351
60,30.0,52.083073257436425
61,30.5,49.23563826542986
62,31.0,45.21863768813722
63,31.5,43.35306645952513
64,32.0,40.277348526570485
65,32.5,37.27040308552812
66,33.0,34.98474805657202
67,33.5,32.04215470039068
68,34.0,30.516622855391653
69,34.5,27.925422223263702
70,35.0,26.474886516252297
71,35.5,24.92960578941293
72,36.0,23.00698155318115
73,36.5,21.161120357779016
74,37.0,20.12466405542046
75,37.5,18.822003698219458
76,38.0,18.092050828771143
77,38.5,17.331092391926113
78,39.0,15.523031176119764
79,39.5,15.504281383773833
80,40.0,14.488708272634888
81,40.5,14.40563681540046
82,41.0,13.67069023082287
83,41.5,13.74194233069044
84,42.0,13.377820975390067
85,42.5,12.517821636064385
86,43.0,13.048685785731196
87,43.5,12.297430875297238
88,44.0,12.008339360977452
89,44.5,12.39423827770911
90,45.0,12.981303032995793
91,45.5,12.36198421588888
92,46.0,12.885531842092936
93,46.5,13.283111517794218
94,47.0,12.675313106379624
95,47.5,13.126043880420994
96,48.0,13.484275952933974
97,48.5,12.866918613831212
98,49.0,13.487225014126903
99,49.5,13.865037509154414
100,50.0,13.939765633338036
101,50.5,13.737665382041802
102,51.0,14.020195013709499
103,51.5,14.450040538667047
104,52.0,14.893363664858489
105,52.5,14.921163038231658
106,53.0,14.722001405922901
107,53.5,14.94021877607562
108,54.0,15.356667133553128
109,54.5,15.975725583353437
110,55.0,15.921274311160817
111,55.5,16.093936855874635
112,56.0,15.819431927253431
113,56.5,15.170122910044153
114,57.0,16.337042301330257
115,57.5,15.808872890050477
116,58.0,15.534781348762973
117,58.5,15.487311902135454
118,59.0,15.932164177233687
119,59.5,15.344970465848252
120,60.0,15.33820598542267
121,60.5,15.521090919641033
122,61.0,15.196551299332844
123,61.5,14.960341668901128
124,62.0,14.754348521988993
125,62.5,14.434365111867193
126,63.0,14.830589264017561
127,63.5,14.114884849036342
128,64.0,14.292510966305567
129,64.5,13.712768965452996
130,65.0,13.374266370322573
131,65.5,13.107506338534039
132,66.0,12.246804089229528
133,66.5,12.469258717875976
134,67.0,12.605344249728885
135,67.5,11.325282433128713
136,68.0,10.811705671952557
137,68.5,10.757181763578705
138,69.0,10.850977017247354
139,69.5,10.362235144519957
140,70.0,10.074400704842615
141,70.5,9.794815835607999
142,71.0,8.772511631602786
143,71.5,8.558909357523696
144,72.0,8.471634459637622
145,72.5,8.12194073376291
146,73.0,7.866696994070317
147,73.5,7.243156256574475
148,74.0,7.6235783104714985
149,74.5,6.834676915088069
150,75.0,6.997366565921425
151,75.5,6.787723046388082
152,76.0,6.128199331050356
153,76.5,5.986355064089084
154,77.0,6.268253296092548
155,77.5,5.797062785089765
156,78.0,5.0313412235435475
157,78.5,5.2606097547218695
158,79.0,4.342227616950072
159,79.5,4.678696539026701
160,80.0,4.012292346294757
161,80.5,4.805028003332012
162,81.0,3.9956076376009606
163,81.5,4.303636611737985
164,82.0,4.072057281781975
165,82.5,3.81756567522799
166,83.0,4.342319612334416
167,83.5,3.933992012993252
168,84.0,3.842150214420515
169,84.5,4.002302991849105
170,85.0,3.477063165848235
171,85.5,3.5771080577683008
172,86.0,3.7198281594651905
173,86.5,3.2758044116846823
174,87.0,3.782921068918592
175,87.5,4.300783366919541
176,88.0,3.742277792432919
177,88.5,3.699759090633729
178,89.0,3.678479303298233
179,89.5,4.190305963369852
180,90.0,3.791427717598303
181,90.5,4.021655905681911
182,91.0,3.9763396487812366
183,91.5,4.45139012943888
184,92.0,3.71431186380926
185,92.5,3.93425226991264
186,93.0,4.027318458032465
187,93.5,4.433872974901265
188,94.0,4.2902246281077785
189,94.5,4.4907488842809276
190,95.0,4.3779288862112455
191,95.5,4.228831014192339
192,96.0,4.593979301018346
193,96.5,4.833242200344989
194,97.0,4.768595913413777
195,97.5,4.186753203428534
196,98.0,4.236927884100394
197,98.5,3.8762119103966852
198,99.0,4.497797616154789
199,99.5,4.232926970361221
200,100.0,4.471572225180889
201,100.5,4.996577556390584
202,101.0,4.267114438558718
203,101.5,4.264204595255369
204,102.0,4.1311597612305135
205,102.5,4.474993084621565
206,103.0,3.9468210746966137
207,103.5,4.67730818289135
208,104.0,3.8598571873844154
209,104.5,4.175909162163473
210,105.0,3.379875946623304
211,105.5,3.73218665054661
212,106.0,3.1905906375856343
213,106.5,3.476525003485738
214,107.0,3.155960539359586
215,107.5,2.941928805966477
216,108.0,3.307748542493578
217,108.5,2.9426431398280837
218,109.0,2.9886068027578916
219,109.5,2.7947323071702312
220,110.0,2.6966696536594874
221,110.5,2.7792459368169653
222,111.0,2.480470920286689
223,111.5,2.4207678409226907
224,112.0,2.180399573102569
225,112.5,2.4269489062714147
226,113.0,1.5151284296526386
227,113.5,2.219612648815584
228,114.0,1.9582068119206857
229,114.5,1.7195974610112268
230,115.0,2.030436003031448
231,115.5,1.674201910638612
232,116.0,2.2854394509316416
233,116.5,1.5784954412444026
234,117.0,1.0839072536795271
235,117.5,1.7113477602318419
236,118.0,1.5748763913082973
237,118.5,1.7779781995792894
238,119.0,1.4627341362000084
239,119.5,2.1036810115123594
240,120.0,1.4393671396156003
241,120.5,1.9330750449568779
242,121.0,1.771213508351865
243,121.5,1.515019110678948
244,122.0,1.665385806924116
245,122.5,2.3009319863569933
246,123.0,1.957481701983825
247,123.5,1.7969717564303576
248,124.0,2.5708322828528343
249,124.5,2.4662757764536587
250,125.0,2.5366090970275064
251,125.5,3.181145003722625
252,126.0,3.339746265559052
253,126.5,2.756333996831228
254,127.0,3.237362728381946
255,127.5,3.085671951148235
256,128.0,3.22072238374104
257,128.5,3.9458952747961593
258,129.0,3.75520276301179
259,129.5,3.764853287285433
260,130.0,4.050035197134203
261,130.5,4.31170358458106
262,131.0,3.6504464148081253
263,131.5,4.425984484992213
264,132.0,4.402594793080776
265,132.5,4.92128962010502
266,133.0,4.83729497727842
267,133.5,4.810644487238855
268,134.0,4.868200249154307
269,134.5,5.324854063170352
270,135.0,5.529450798374436
271,135.5,5.497029160483175
272,136.0,5.7892459867263035
273,136.5,5.956928400078083
274,137.0,5.415478140502806
275,137.5,6.1162697421965335
276,138.0,6.292502526946032
277,138.5,5.888272673652076
278,139.0,5.844462583252401
279,139.5,6.169536582954798
280,140.0,6.523375331533853
281,140.5,6.432218313651364
282,141.0,5.913271250019342
283,141.5,6.320871785430203
284,142.0,6.443823399174608
285,142.5,6.963390330011295
286,143.0,6.480274131141233
287,143.5,6.695070697157089
288,144.0,5.891153903977159
289,144.5,6.195316056844047
290,145.0,6.415827667023748
291,145.5,5.873000764000025
292,146.0,6.687279912397416
293,146.5,6.066462851899437
294,147.0,6.244294612574047
295,147.5,6.435402447655878
296,148.0,6.014976649647116
297,148.5,5.764832511631605
298,149.0,6.1041339966438874
299,149.5,5.627229017098221
300,150.0,5.754676341491708
301,150.5,5.837273711981766
302,151.0,5.24949317681263
303,151.5,6.073557557684518
304,152.0,5.6406196646327675
305,152.5,5.962555301146827
306,153.0,6.184845237508092
307,153.5,6.0069657466514075
308,154.0,5.610194797634661
309,154.5,5.186751151189603
310,155.0,5.620760849234121
311,155.5,5.951482954587464
312,156.0,6.16461947966892
313,156.5,5.3835927863038515
314,157.0,5.652986634153609
315,157.5,5.121420585424234
316,158.0,5.761168514004441
317,158.5,5.990752039302039
318,159.0,6.0093153972078195
319,159.5,6.102323603378175
320,160.0,5.864371004019411
321,160.5,6.316885637375017
322,161.0,6.454860912995672
323,161.5,6.108214466528884
324,162.0,6.268867380361517
325,162.5,6.265414441221107
326,163.0,6.359068815386528
327,163.5,7.120449065905986
328,164.0,6.967855799115474
329,164.5,6.927441208188727
330,165.0,6.821413902897946
331,165.5,7.311947522393062
332,166.0,7.601279121434485
333,166.5,7.657711267134069
334,167.0,8.011035243782274
335,167.5,8.360162686631728
336,168.0,8.247508213012267
337,168.5,8.36389917602693
338,169.0,8.533397318483875
339,169.5,8.649475703207873
340,170.0,9.112161836218819
341,170.5,9.442456994492982
342,171.0,9.077202515298952
343,171.5,9.54568741677098
344,172.0,9.92781361948916
345,172.5,10.490389414697537
346,173.0,10.245445293820417
347,173.5,10.698005495053268
348,174.0,10.349326071162848
349,174.5,10.432137568611875
350,175.0,11.036161170598245
351,175.5,10.802657021377923
352,176.0,10.284318333146874
353,176.5,10.699516016375243
354,177.0,10.766454395008132
355,177.5,10.827426419243505
356,178.0,11.922078315041357
357,178.5,11.304646603247676
358,179.0,11.695964943160742
359,179.5,11.510144164948
360,180.0,11.164120968856535
