,n space,k space,Chi Square Statistic
0,[1.55 1.56 1.57 1.58 1.59 1.6  1.61 1.62 1.63 1.64],[0. 0. 0. 0. 0. 0. 0. 0. 0. 0.],"[1621.0822156  1263.85592286  873.25581464  451.33156254    7.41836301
  477.8500817   979.07323215 1500.62316281 2039.00875549 2590.56885772]"
1,[1.55 1.56 1.57 1.58 1.59 1.6  1.61 1.62 1.63 1.64],[0.02 0.02 0.02 0.02 0.02 0.02 0.02 0.02 0.02 0.02],"[ 865.74200957 1047.62151645 1294.88861192 1571.17642925 1874.29143443
 2201.68759299 2550.50571447 2917.62402987 3299.71772547 3693.32481507]"
2,[1.55 1.56 1.57 1.58 1.59 1.6  1.61 1.62 1.63 1.64],[0.04 0.04 0.04 0.04 0.04 0.04 0.04 0.04 0.04 0.04],"[2418.05922979 2599.48405862 2806.4122692  3037.3390577  3290.49846809
 3563.88072211 3855.25735909 4162.21328517 4482.18451852 4812.50019195]"
3,[1.55 1.56 1.57 1.58 1.59 1.6  1.61 1.62 1.63 1.64],[0.06 0.06 0.06 0.06 0.06 0.06 0.06 0.06 0.06 0.06],"[3665.47628965 3815.45593019 3986.84073832 4178.36648586 4388.58044712
 4615.85382636 4858.3990684  5114.29156784 5381.495098   5657.8901304 ]"
4,[1.55 1.56 1.57 1.58 1.59 1.6  1.61 1.62 1.63 1.64],[0.08 0.08 0.08 0.08 0.08 0.08 0.08 0.08 0.08 0.08],"[4663.19268726 4785.62901088 4926.22124631 5083.90193548 5257.46254796
 5445.56296461 5646.74410956 5859.44345419 6082.01299404 6312.73919948]"
