,Theta,Input Phase Function
0,0.0,332.9344586935532
1,0.5,332.7898742828498
2,1.0,332.308308531079
3,1.5,331.5128889892494
4,2.0,330.41811645201216
5,2.5,329.0503838539853
6,3.0,327.36457355141675
7,3.5,325.3352272269074
8,4.0,323.0701460477916
9,4.5,320.51722723262327
10,5.0,317.5908012570568
11,5.5,314.56374771721937
12,6.0,311.13477905007045
13,6.5,307.55758210206506
14,7.0,303.6410041628565
15,7.5,299.46669753584877
16,8.0,295.0720940995345
17,8.5,290.49127829068044
18,9.0,285.70164782496596
19,9.5,280.71809193023574
20,10.0,275.5386062844886
21,10.5,270.16561950166624
22,11.0,264.65803411298447
23,11.5,258.9893542911554
24,12.0,253.177966508728
25,12.5,247.24052737961435
26,13.0,241.19724610170547
27,13.5,235.101162475921
28,14.0,228.86825881504885
29,14.5,222.51874986834898
30,15.0,216.2254493017869
31,15.5,209.83887076480815
32,16.0,203.39957939594308
33,16.5,196.94531848026756
34,17.0,190.54610060951998
35,17.5,184.07699483038618
36,18.0,177.57966614706316
37,18.5,171.25867972452295
38,19.0,164.89686330872104
39,19.5,158.58351908946574
40,20.0,152.36855018455066
41,20.5,146.10106470409553
42,21.0,140.0447408373392
43,21.5,134.06976101215622
44,22.0,128.17324237530767
45,22.5,122.36257563917923
46,23.0,116.65542854047764
47,23.5,111.12399395924976
48,24.0,105.70602173923817
49,24.5,100.40751529616904
50,25.0,95.35113235058797
51,25.5,90.29415528825065
52,26.0,85.54808031056889
53,26.5,80.80247250041418
54,27.0,76.2536247812251
55,27.5,71.95496632297835
56,28.0,67.73500300215775
57,28.5,63.71945957374938
58,29.0,59.833427244697646
59,29.5,56.18860420106857
60,30.0,52.70169307133524
61,30.5,49.33171612825108
62,31.0,46.12067210584904
63,31.5,43.11337383799553
64,32.0,40.26108804883999
65,32.5,37.65796811281793
66,33.0,35.1174276746237
67,33.5,32.757860690781065
68,34.0,30.564463367486724
69,34.5,28.496650968356196
70,35.0,26.60019353352058
71,35.5,24.872157634207092
72,36.0,23.26028509112359
73,36.5,21.748904956377224
74,37.0,20.43566878128797
75,37.5,19.237156034355486
76,38.0,18.138787381275137
77,38.5,17.12676785342151
78,39.0,16.244136378359613
79,39.5,15.514686751813736
80,40.0,14.818184956765524
81,40.5,14.214248691720751
82,41.0,13.79608906985247
83,41.5,13.367021994497872
84,42.0,13.05162897633736
85,42.5,12.787314549668004
86,43.0,12.623471514550086
87,43.5,12.454429760084842
88,44.0,12.37954496297052
89,44.5,12.360684362139153
90,45.0,12.352046838224089
91,45.5,12.423636830257513
92,46.0,12.489746149867816
93,46.5,12.614682900739176
94,47.0,12.774031333748239
95,47.5,12.87137373689173
96,48.0,13.118836702393894
97,48.5,13.306510572937116
98,49.0,13.504632757913416
99,49.5,13.73907585914377
100,50.0,13.963107982662708
101,50.5,14.179532004209724
102,51.0,14.366880480353862
103,51.5,14.584924564699195
104,52.0,14.797560991096399
105,52.5,15.004102030390484
106,53.0,15.19345043896732
107,53.5,15.288431873210547
108,54.0,15.462512134779457
109,54.5,15.554061397298511
110,55.0,15.675264283391215
111,55.5,15.720178601206332
112,56.0,15.808127894114989
113,56.5,15.849263883128714
114,57.0,15.839889300424765
115,57.5,15.791699750897433
116,58.0,15.786219753819335
117,58.5,15.699791289656046
118,59.0,15.645616729074959
119,59.5,15.56519549948398
120,60.0,15.433926554989464
121,60.5,15.30353686311487
122,61.0,15.127535997784607
123,61.5,14.970089536811123
124,62.0,14.753413380130032
125,62.5,14.558588245473928
126,63.0,14.252570150165955
127,63.5,14.023198141196549
128,64.0,13.721168653003579
129,64.5,13.495675544876534
130,65.0,13.175277860841405
131,65.5,12.896520902298427
132,66.0,12.533882512936698
133,66.5,12.254708261883009
134,67.0,11.880091757992762
135,67.5,11.552482096650584
136,68.0,11.196185890585555
137,68.5,10.835644796692339
138,69.0,10.481249862652671
139,69.5,10.173773456196207
140,70.0,9.88058478122654
141,70.5,9.507930751797904
142,71.0,9.204061541788152
143,71.5,8.818066763630823
144,72.0,8.513922372183703
145,72.5,8.158386008557594
146,73.0,7.895706064741076
147,73.5,7.548833478302426
148,74.0,7.212951048400709
149,74.5,7.006105695071748
150,75.0,6.678643133625001
151,75.5,6.447005046721358
152,76.0,6.096222435910816
153,76.5,5.969338429446837
154,77.0,5.703264412969642
155,77.5,5.491419342957339
156,78.0,5.2647390288079645
157,78.5,5.0956689820255825
158,79.0,4.891307216902875
159,79.5,4.776658312200483
160,80.0,4.577170191510052
161,80.5,4.464740188711313
162,81.0,4.356738585473853
163,81.5,4.255336420347242
164,82.0,4.1371977203512404
165,82.5,4.071030290471793
166,83.0,3.9499561116813475
167,83.5,3.920191596628941
168,84.0,3.9422889896360895
169,84.5,3.870535375036027
170,85.0,3.8870840156053825
171,85.5,3.8355194483387005
172,86.0,3.862314642504447
173,86.5,3.8192313609791224
174,87.0,3.8183579243671737
175,87.5,3.8659634924105997
176,88.0,3.886159349216037
177,88.5,3.894147843399542
178,89.0,3.909199922947145
179,89.5,3.9845110090295717
180,90.0,4.028815731374747
181,90.5,4.060418688559013
182,91.0,4.043481798818774
183,91.5,4.118512676264162
184,92.0,4.21263546306864
185,92.5,4.255442070471374
186,93.0,4.2802097415644855
187,93.5,4.253086064555459
188,94.0,4.350691753479286
189,94.5,4.385628061269932
190,95.0,4.386808417736506
191,95.5,4.403847123190458
192,96.0,4.445585307752373
193,96.5,4.414741496734397
194,97.0,4.479984932019997
195,97.5,4.453210792823518
196,98.0,4.454024320975346
197,98.5,4.448421292587947
198,99.0,4.450669891007861
199,99.5,4.440154010610155
200,100.0,4.351527253781662
201,100.5,4.30464714615973
202,101.0,4.254836533724869
203,101.5,4.241064610238035
204,102.0,4.197804771138804
205,102.5,4.093703787937643
206,103.0,4.079309290487193
207,103.5,3.975159988680571
208,104.0,3.8690265386901963
209,104.5,3.7914797770873494
210,105.0,3.714600926276456
211,105.5,3.6327295725633086
212,106.0,3.5293676646881997
213,106.5,3.398027253774761
214,107.0,3.306188574267866
215,107.5,3.2165954830846606
216,108.0,3.098883441046334
217,108.5,2.9888009882728044
218,109.0,2.9462219646758894
219,109.5,2.8134501105652316
220,110.0,2.691137870174432
221,110.5,2.612230774294431
222,111.0,2.547458207408081
223,111.5,2.439433680832815
224,112.0,2.2703774649123405
225,112.5,2.276620587737574
226,113.0,2.102631502344997
227,113.5,2.0539756105581537
228,114.0,1.9583571254826775
229,114.5,1.9017927178787908
230,115.0,1.8679971110365203
231,115.5,1.8089339526753705
232,116.0,1.7483424353015207
233,116.5,1.7604958672222006
234,117.0,1.7340042793874912
235,117.5,1.6588163486502032
236,118.0,1.701220627236532
237,118.5,1.611181305254616
238,119.0,1.6991096970992112
239,119.5,1.7099705373444174
240,120.0,1.7010534081898647
241,120.5,1.8279353886903849
242,121.0,1.7821340855388759
243,121.5,1.8761701129721189
244,122.0,1.9292446492413056
245,122.5,1.9933355624460476
246,123.0,2.1134208058437225
247,123.5,2.2315169665634413
248,124.0,2.2561634356846785
249,124.5,2.4082245130335855
250,125.0,2.5032564370955415
251,125.5,2.6483595753551037
252,126.0,2.793512903564146
253,126.5,2.9108939291082008
254,127.0,3.0345638392777823
255,127.5,3.1824383609173146
256,128.0,3.3363062588235954
257,128.5,3.414213166626563
258,129.0,3.609942205543457
259,129.5,3.7726805180741776
260,130.0,3.874115238811198
261,130.5,4.079023486772638
262,131.0,4.2250531478242115
263,131.5,4.3715221316038795
264,132.0,4.490482420344387
265,132.5,4.589445596660532
266,133.0,4.798911160499466
267,133.5,4.930348298034372
268,134.0,5.053091516420777
269,134.5,5.194119880615874
270,135.0,5.320779517462168
271,135.5,5.396592088477865
272,136.0,5.5505809195642195
273,136.5,5.631122209473924
274,137.0,5.769101285964934
275,137.5,5.84597683368845
276,138.0,5.871882594932857
277,138.5,6.027542207446137
278,139.0,6.059960035776146
279,139.5,6.1365934382154785
280,140.0,6.1612015134724665
281,140.5,6.205060240486458
282,141.0,6.248200007727258
283,141.5,6.258106677064434
284,142.0,6.3340692267227015
285,142.5,6.322333548297609
286,143.0,6.275572674183099
287,143.5,6.300152480773667
288,144.0,6.2943783502499935
289,144.5,6.312132634908731
290,145.0,6.3060433819966075
291,145.5,6.263181433581335
292,146.0,6.210884553408079
293,146.5,6.175857516911139
294,147.0,6.146391928317713
295,147.5,6.125795877051801
296,148.0,6.0611148739691885
297,148.5,6.056470865216423
298,149.0,5.98731613450201
299,149.5,5.94739581622396
300,150.0,5.907780104832506
301,150.5,5.843809301408104
302,151.0,5.824756482701141
303,151.5,5.8055673529238225
304,152.0,5.692951849066438
305,152.5,5.669827521857815
306,153.0,5.655654316842102
307,153.5,5.588021261640892
308,154.0,5.6504508429351805
309,154.5,5.606050137994015
310,155.0,5.6071246556493355
311,155.5,5.64623923352189
312,156.0,5.665221757002243
313,156.5,5.67550783826999
314,157.0,5.702187269551102
315,157.5,5.700234657813918
316,158.0,5.747922092100164
317,158.5,5.852071973277871
318,159.0,5.883071001417078
319,159.5,5.976893571497235
320,160.0,6.061017397444515
321,160.5,6.144506577361574
322,161.0,6.1942081477514215
323,161.5,6.395993950906143
324,162.0,6.445527387759005
325,162.5,6.598779869319461
326,163.0,6.71186745337643
327,163.5,6.845582537261608
328,164.0,7.048685128494728
329,164.5,7.20892478529332
330,165.0,7.341696020628302
331,165.5,7.543284529393084
332,166.0,7.713803185124162
333,166.5,7.84125169010908
334,167.0,8.039906696859868
335,167.5,8.201711866617636
336,168.0,8.366831714728304
337,168.5,8.56355358441005
338,169.0,8.749650199521984
339,169.5,8.950124273127916
340,170.0,9.10771688218404
341,170.5,9.28881772002049
342,171.0,9.460117837903338
343,171.5,9.684267857802947
344,172.0,9.785458296822478
345,172.5,10.00857227112677
346,173.0,10.143383243524303
347,173.5,10.26255029431934
348,174.0,10.428061187412217
349,174.5,10.536729036105157
350,175.0,10.65940967982625
351,175.5,10.77579568552868
352,176.0,10.891773419523837
353,176.5,11.02243729431702
354,177.0,11.049691964490206
355,177.5,11.11027429280704
356,178.0,11.211023609023043
357,178.5,11.226768367061348
358,179.0,11.262511413089232
359,179.5,11.294831601412005
360,180.0,11.289691463914922
